0 2227
0 3188
0 3392
1 165
1 938
1 3578
2 252
2 3690
2 3945
4 2258
4 2680
5 2007
5 2409
5 3666
5 4848
6 306
6 1951
6 2624
6 3840
7 103
7 4628
8 2953
9 1090
9 2045
9 2819
9 3668
10 4027
10 4095
10 4618
11 662
11 2286
12 3070
13 2094
13 2121
13 4343
14 72
14 1296
14 2681
14 3225
15 1710
15 2587
15 3038
16 431
16 658
16 982
16 1456
16 2025
16 3584
16 3771
16 4157
16 4745
17 747
17 4541
19 2690
19 3995
19 4240
20 3279
20 4178
20 4834
21 709
21 1770
21 2033
21 2463
22 1706
22 1916
22 3056
22 3854
23 1585
23 3668
23 4152
24 3276
24 4098
25 4720
26 129
26 2364
26 3207
26 4083
26 4900
27 632
27 2226
27 3607
27 3772
28 257
28 2103
29 1903
30 345
30 1570
30 3787
31 47
31 1378
31 2909
32 146
32 1596
32 2286
33 1140
33 1148
33 2299
33 4922
34 364
34 1622
34 2730
34 3266
34 3351
34 4088
34 4632
34 4649
34 4717
35 404
35 2678
36 1852
37 922
37 1123
37 1852
38 307
38 557
38 1473
38 3642
39 1132
39 2788
39 3807
39 4045
39 4603
40 2379
41 3343
41 3859
41 4048
42 1556
42 1911
42 2449
42 4079
43 578
43 945
43 3813
44 3084
44 3271
44 3613
45 1056
45 4575
46 1223
46 2004
47 2392
48 1883
48 2511
48 3110
49 336
49 464
49 3240
50 1695
50 2850
50 3462
51 1516
51 3502
51 3992
51 4719
52 111
52 909
53 1609
53 1847
53 4083
53 4902
54 903
54 2820
54 4529
55 2656
56 151
56 1068
57 1576
57 2271
57 2391
57 3700
57 4529
58 634
58 2555
58 3443
58 4823
59 1579
59 2567
59 4641
60 811
60 2275
60 3097
60 4851
61 1131
62 1625
62 2073
63 4204
64 4123
64 4602
65 2398
65 2635
65 3917
67 1677
67 3339
68 2462
68 4736
69 1223
71 3157
72 4289
73 545
73 1128
73 1617
73 2161
73 2660
73 3198
73 4145
74 1977
75 462
76 2065
76 4043
77 1994
77 2264
77 3148
77 4314
78 4415
79 544
79 969
79 3080
80 526
80 601
80 2522
81 401
82 944
82 3308
82 4820
83 2054
83 2712
83 2836
84 1003
84 2570
84 4682
84 4710
85 452
85 2735
85 3847
85 3904
85 3913
85 4237
86 759
87 1794
87 2684
87 4511
88 596
88 933
88 3220
88 3493
89 2895
89 4168
89 4631
89 4908
90 980
90 1280
90 2190
90 3118
90 3549
90 4799
91 1713
91 1996
91 2377
91 4041
91 4796
91 4876
92 4119
93 294
93 4325
94 1467
94 1475
94 2806
94 4336
94 4559
95 965
95 2926
95 4837
95 4917
96 4070
98 2833
98 4029
99 1427
99 4770
100 1282
100 1902
101 683
101 1955
101 3625
102 1321
102 1617
102 3495
102 4408
103 148
103 842
103 3733
104 1213
104 4853
105 1788
106 451
106 601
107 911
107 1898
107 4121
107 4366
108 4426
109 624
109 2174
110 517
110 1587
110 2171
110 4700
111 483
111 1030
111 1862
111 2867
111 4258
112 4136
112 4268
113 2796
113 3759
114 3299
114 4305
114 4883
115 287
115 3515
115 3652
116 251
116 1389
116 3149
117 416
117 935
117 2510
117 4673
118 1682
118 3809
118 4567
119 4141
119 4230
120 460
120 509
120 1797
121 1366
121 2020
121 3669
122 1510
122 1776
122 2443
122 3216
122 4533
123 2114
123 3341
123 3607
124 1581
124 3782
124 4754
125 1979
125 4131
127 2914
127 3492
127 4761
128 344
128 1188
128 2329
128 2382
128 2902
128 3909
129 443
129 3428
129 4701
130 959
131 1005
131 2845
131 3648
131 4131
132 2562
134 706
134 2117
134 2682
134 4142
134 4441
135 2458
135 4330
136 1121
136 1482
137 3543
137 3609
137 4791
139 2576
139 3647
140 364
140 759
140 1684
141 1695
141 2340
141 3718
142 418
142 504
142 1968
142 2872
143 1162
143 4636
145 993
146 519
146 2330
146 2840
146 3152
147 698
147 1611
147 3218
148 1961
148 4492
149 712
149 1599
149 2776
149 3465
150 4675
151 350
152 605
152 855
152 1376
152 1968
152 2969
152 3719
152 3962
153 3071
153 3408
153 4354
154 1046
156 1814
156 2787
157 3188
157 4922
158 1620
158 2508
159 543
160 1077
160 1239
160 2039
160 2339
160 3257
160 4323
162 1632
162 3447
162 4842
163 1249
163 2123
164 3607
164 4557
164 4576
165 1764
165 2513
165 2881
165 3422
166 919
166 2206
166 2518
166 3467
166 4396
167 1211
167 2284
167 3241
167 4297
168 523
168 807
169 2526
169 3519
169 4888
169 4902
170 1448
170 3354
172 709
172 2202
172 4028
172 4765
173 1511
173 1858
174 1305
174 2655
175 3596
175 4318
176 2807
177 4883
178 1163
178 2072
179 4039
180 353
180 1023
180 3365
180 4261
181 245
181 2039
181 2691
181 3659
181 3975
182 1405
182 1527
182 3228
182 4404
182 4658
183 686
183 773
183 1746
183 3287
183 4467
183 4506
185 1023
185 2246
185 3777
186 1781
187 200
187 2386
187 2617
187 3100
187 3141
188 375
188 1743
188 2409
188 3156
189 1495
189 1679
189 3886
191 1196
191 1321
191 3892
191 4034
192 4222
193 2437
194 602
194 1838
194 4016
195 1372
195 2139
195 3695
196 1503
196 3901
196 4050
196 4866
197 1695
197 2159
198 863
198 1469
198 1892
198 2882
198 4446
199 1139
199 2387
200 1727
200 2878
200 3880
200 3997
201 1922
201 2321
201 2906
202 1305
202 1322
202 1544
202 4924
203 2013
203 4797
205 3414
206 4516
207 2317
207 2420
209 4468
210 695
210 1531
210 1859
210 2510
210 3679
211 337
211 4787
212 995
212 1072
212 2170
212 3501
212 3541
213 2255
214 4130
215 375
215 1116
215 1579
215 1759
215 2720
216 2811
216 3214
216 3983
217 1952
217 3308
217 4871
218 2308
219 278
219 358
219 4394
219 4673
219 4867
220 804
220 865
220 1656
220 3015
220 3666
220 3705
221 2297
221 3180
223 2495
223 2828
223 4349
224 648
224 2121
224 2948
224 4880
225 873
225 3179
225 4275
226 1705
226 4466
227 880
227 2414
228 2446
229 1392
229 1680
229 1695
230 1188
232 456
232 859
232 2885
232 4687
233 4524
235 1042
235 1178
235 1304
235 2828
235 3237
235 4076
238 998
238 2080
238 4419
239 2857
239 3123
240 1830
240 2376
240 3748
240 4008
240 4046
241 4000
241 4809
242 666
242 3886
242 4061
243 585
243 1482
243 1552
244 1933
244 2981
245 1590
245 3225
246 1385
246 1783
246 2696
246 3852
246 4739
247 557
247 757
248 3775
248 4396
249 1165
250 1361
250 2401
250 3355
250 3946
251 2987
252 1305
252 1454
252 2523
253 1264
253 2533
253 3298
254 4904
255 3722
255 3746
255 4320
256 2301
257 2115
257 4638
258 1027
258 2411
258 3841
259 1368
259 1481
259 3553
260 4092
261 3912
261 4310
262 2667
262 4755
263 466
263 1504
263 1748
263 2781
263 3885
263 3921
264 1913
264 3449
264 3591
265 842
265 1855
265 3024
265 3784
265 4586
265 4881
266 948
266 1318
266 2621
266 3690
267 2333
267 3729
267 4367
268 1696
269 626
269 2599
269 2638
269 2944
269 2979
270 3307
270 3492
271 2857
271 3450
271 4651
273 1788
273 2589
273 3314
273 4407
274 2640
275 1016
275 4360
276 989
276 2042
278 331
278 652
278 3933
278 4677
279 656
279 870
280 1242
280 1293
280 4220
280 4296
281 831
281 3231
281 3263
281 3336
282 677
282 3365
283 3849
283 4555
284 444
284 448
284 4136
284 4504
284 4815
285 1073
285 2711
285 4411
287 356
287 1012
287 3122
287 4742
288 1553
288 2580
290 327
290 1385
291 2112
291 2976
291 3948
292 1350
292 1867
292 2206
292 4722
292 4742
293 337
293 1044
293 3607
293 4643
294 3694
294 3979
295 570
295 814
295 881
296 2100
296 2256
297 834
297 1446
297 4691
298 525
298 3291
299 2363
300 305
300 3364
301 2664
301 4113
302 1571
302 1984
302 2139
302 2244
302 3881
302 4509
303 593
303 2137
303 4512
303 4583
304 2601
304 3833
305 3022
306 1966
306 2088
306 2575
306 4123
307 3627
307 3725
307 3888
308 1734
310 3030
310 4082
311 425
311 506
311 1183
311 1436
311 2141
311 2145
313 1520
313 2718
313 3348
313 4096
314 1300
314 3245
314 3859
315 3947
316 1717
316 1851
317 1599
317 2612
317 4689
318 1234
318 1385
318 3543
318 4706
318 4868
319 1225
319 3975
320 1456
320 2202
320 3074
320 4550
320 4570
320 4770
321 956
321 4537
322 719
323 1229
323 1502
323 1560
324 546
324 4584
324 4592
325 1960
325 3984
325 4306
325 4394
326 3982
327 2912
327 3757
327 3794
327 3919
328 3401
328 3905
328 4201
328 4423
328 4806
330 3361
331 770
332 729
332 927
332 1492
332 1985
332 3921
333 1075
333 1118
333 3591
334 2604
334 4373
335 625
335 667
335 680
335 1398
335 3598
336 582
336 929
336 1811
337 846
337 4179
337 4561
338 1521
338 1733
338 2180
338 2458
339 4194
340 1180
340 3159
340 3399
340 3760
340 4390
341 990
341 3480
341 4169
342 697
342 912
343 2864
344 784
344 2787
345 2545
346 987
346 4210
346 4858
347 501
347 547
347 1247
347 1922
347 2114
347 3847
348 955
348 2671
349 823
349 4201
350 687
350 3021
350 4029
351 810
351 1127
351 2756
351 2784
351 2915
351 3137
352 1356
352 3455
352 3842
353 4746
354 1315
354 3006
355 1623
355 3872
355 4349
356 612
356 4435
358 2754
358 3844
359 416
359 4215
361 475
361 733
361 1529
361 1985
361 3468
362 1256
362 2681
362 3283
363 2502
363 3107
364 2427
364 4526
365 2117
365 2860
366 2004
366 4142
366 4219
367 1337
367 2024
367 3335
367 3852
367 4708
368 405
368 2189
368 4702
369 536
369 1490
369 1973
370 1843
371 449
371 2142
371 3494
372 2543
372 3157
373 3453
374 2738
374 3381
375 1124
376 3422
376 4411
377 1035
377 1717
377 2301
377 2952
377 4142
377 4184
377 4448
378 628
378 3444
378 4923
379 2966
381 1931
382 3501
382 3896
383 1083
383 4533
384 911
384 1086
384 3150
384 3730
384 3901
385 1293
385 1977
385 3224
386 1098
386 2146
386 2752
386 4200
387 1552
387 2732
387 3162
387 3773
387 4451
388 2162
388 4353
389 1676
390 730
391 912
391 3254
392 465
392 2037
393 889
393 2229
393 2409
393 2418
393 3029
393 4360
394 2300
394 4248
395 2001
395 2363
395 2429
395 2567
395 2640
395 4007
396 2858
397 661
397 3892
397 4527
398 511
400 626
400 1032
400 1436
400 2405
401 639
401 1861
403 538
403 862
403 963
403 1956
403 2588
403 2954
403 3452
404 508
405 2434
406 1091
407 1759
408 3683
408 4882
409 1641
409 2996
409 2999
410 1429
411 565
411 3717
411 4124
411 4254
411 4310
412 3420
413 1462
413 3290
414 3669
414 3785
414 4311
416 992
416 1932
416 3436
418 837
419 1861
419 2056
419 2580
419 4619
420 1210
421 3235
422 2469
422 2477
422 4694
423 3826
424 746
424 3709
425 1470
425 2909
425 2927
426 650
427 1203
427 1687
427 2683
427 2899
427 3520
427 4839
428 779
428 4084
429 864
429 2006
429 2626
429 3188
429 4341
430 1005
430 1476
430 3191
430 3854
431 3613
433 863
433 2751
433 3316
433 4232
434 1402
434 4629
435 3629
435 4348
436 2840
436 3929
437 2735
437 3465
438 705
438 977
438 2315
438 2371
438 2526
438 3182
440 1131
440 1286
440 1516
441 1154
441 3808
441 3944
443 1572
443 1927
443 2200
443 3053
443 4660
444 699
444 2706
444 4358
444 4797
446 4818
447 571
448 1391
448 1763
449 766
450 2986
451 1288
451 4426
452 1030
452 3689
452 4377
452 4818
454 1567
455 3400
456 827
457 1329
457 1867
457 1978
457 2651
457 3405
457 4255
458 4815
458 4841
459 820
459 2401
459 3296
459 3718
460 1761
460 3345
460 4915
462 3758
463 485
463 1229
463 1333
464 975
464 3118
464 3972
465 929
465 1452
465 1568
465 4086
466 1791
467 1881
468 1503
468 1588
469 1605
469 1940
469 3829
469 4881
470 1466
470 2706
470 4875
471 858
472 3194
473 1245
473 2205
473 2352
473 3499
473 3752
474 1914
474 3143
474 3997
474 4173
475 626
475 4095
476 2473
476 3333
479 4081
479 4535
480 4634
480 4812
481 580
481 667
481 729
481 3423
481 4632
482 896
482 2671
483 1101
483 3078
484 1252
484 1630
484 4281
485 2179
485 2824
485 3396
485 3944
486 1900
487 2132
487 4812
489 1259
489 2383
489 3671
490 2924
490 3668
491 2944
491 4277
492 677
492 1348
492 4936
493 560
493 1136
493 3598
493 4519
495 2431
495 3800
496 1082
496 1632
496 2219
496 2275
496 3889
497 4381
498 1220
499 1569
499 1720
499 3432
499 4214
499 4744
500 2345
500 3968
500 4616
500 4773
501 1321
501 3432
501 4102
501 4157
502 2293
502 2949
502 3955
503 994
503 2876
503 4116
503 4144
504 561
504 2802
504 2825
504 3601
504 3845
505 887
505 1384
505 4814
506 1796
506 2983
507 4099
508 952
508 1172
508 3852
509 1870
509 2951
509 4086
511 1554
511 1737
511 2065
511 4191
512 2935
512 3742
513 3257
514 2102
514 2223
514 2485
514 2746
514 3626
515 909
515 1783
515 4509
516 3183
516 4231
518 2052
518 2897
518 3054
518 4356
519 867
519 4927
520 1975
520 3588
521 579
521 1697
521 3846
522 3214
522 3956
522 4743
522 4913
523 1961
523 3645
523 3946
524 1712
524 2689
524 3314
525 730
525 1408
525 3040
525 4183
526 1414
526 1834
526 2110
526 4144
527 1309
527 1430
527 2245
527 2519
528 808
528 1114
528 1237
528 3896
529 763
529 4127
529 4565
530 1336
530 1842
532 956
532 1994
532 2829
534 2425
536 1768
536 2069
536 3719
536 4506
537 1489
537 2023
537 2259
538 949
538 2388
538 2852
538 2873
538 4337
539 1070
539 1293
539 1319
539 3384
539 4794
540 3004
540 3316
542 1197
542 2426
543 1121
544 751
544 1133
544 3153
544 3331
546 3320
548 1777
548 4404
549 1487
549 2387
549 4032
549 4190
550 938
550 2188
551 2908
551 4859
552 896
552 2246
552 2488
552 3421
552 4802
553 995
553 1137
554 781
554 2838
554 3951
554 4774
555 3144
556 4107
556 4325
556 4490
557 1326
557 3533
557 3868
558 620
558 1335
558 3097
558 3580
558 3857
558 3885
559 1665
559 3262
559 4153
560 2285
560 3070
560 3198
560 3204
561 2215
561 3586
561 4634
561 4873
562 1108
564 1320
564 3374
564 4565
564 4646
565 2110
565 3724
566 1178
566 1886
566 4918
569 771
569 2714
569 4003
570 2128
570 2629
570 2654
570 2712
570 4797
571 958
571 2206
572 815
572 4062
573 1875
573 4154
574 2422
574 3616
575 1626
575 2236
576 1826
576 4484
576 4797
577 2800
577 4745
578 2491
578 2803
578 4492
579 3478
579 3494
580 2847
581 690
581 1564
581 2274
581 2570
581 2787
581 4223
582 4933
584 646
584 2496
585 1181
586 2876
586 3937
586 4606
586 4939
587 1835
587 2774
587 3098
587 4419
588 982
588 2594
588 2912
588 4186
588 4736
589 4833
590 1225
590 2640
590 3003
590 3552
591 888
591 1131
591 2387
591 4045
591 4514
592 1224
592 2591
592 4652
592 4805
593 747
593 3214
593 3267
593 3316
593 3700
593 4215
594 829
594 1523
594 2846
595 1516
595 3036
595 3194
596 1498
596 2457
596 3503
596 4013
597 1139
597 2417
597 4699
597 4762
598 1089
598 1840
599 4058
599 4141
599 4805
600 1416
600 2611
601 824
601 1309
601 2258
601 3986
601 4586
601 4852
602 974
602 2573
602 4357
602 4477
603 888
603 4798
605 1389
605 2428
606 1015
606 2217
606 3101
607 1503
607 2100
607 2461
608 1832
608 3268
609 1374
609 2378
609 2761
609 3243
609 4353
610 2255
610 2751
610 3341
610 4060
611 1771
612 865
614 2604
614 2717
617 1824
617 3050
617 3377
617 3491
617 4126
617 4395
617 4632
618 3309
619 1817
619 3442
620 1146
620 3292
621 1327
621 2167
621 3006
621 4565
622 2360
622 3945
622 4147
623 4259
623 4481
624 2441
624 4304
625 3132
626 4639
627 2448
627 2529
627 3562
628 3443
629 2850
629 4171
630 1065
630 1148
630 1539
630 2412
630 4505
631 697
631 853
632 4006
632 4436
633 1052
633 1257
633 1596
633 2345
633 2430
633 2436
633 2788
634 2246
634 2846
635 3219
635 3407
636 3226
637 788
637 1464
637 2116
637 2511
637 3137
637 3180
637 4109
638 2796
638 3175
638 3394
639 4343
640 767
640 1135
641 752
641 2892
642 1229
643 1851
644 4048
646 3568
647 2880
648 1472
650 1394
650 3124
650 4523
651 3723
651 4229
651 4821
652 795
652 3421
652 3612
655 1144
655 4392
658 2046
658 3244
658 4781
659 1025
659 2072
659 2847
660 1390
660 2808
660 4100
661 863
661 2428
661 3645
661 4628
662 1080
662 3643
663 1663
663 4746
664 984
664 1096
664 2624
664 4886
666 1160
666 3107
666 4088
667 1596
668 1085
668 1463
668 4055
669 3261
669 3377
669 4405
670 1568
670 1809
670 3455
670 4213
671 3975
671 4335
671 4703
672 768
672 2725
672 3041
674 1232
674 1795
674 2978
674 4480
675 4902
676 1421
676 2093
678 1090
678 3726
678 4353
679 1764
679 3030
680 2645
680 3406
681 4392
682 3092
682 4346
683 912
683 3114
683 3907
684 3524
685 1005
685 1229
686 696
686 1065
686 3428
687 4195
689 993
689 1253
689 2666
689 4931
690 1656
691 2110
691 2357
691 3110
691 3196
691 3276
692 2353
692 4500
692 4866
692 4883
693 999
693 4138
694 1814
694 4086
694 4299
695 3234
695 4850
696 1826
696 3341
696 4112
696 4523
697 3993
697 4056
698 1883
698 2587
698 2938
698 3467
699 1392
700 952
700 4251
701 3491
702 3661
703 3755
703 3839
704 1059
705 3697
705 3799
707 1973
707 2452
708 1198
708 2849
708 4799
709 2972
710 885
710 2295
710 2352
710 3509
710 4495
711 1241
711 3399
711 4058
711 4278
711 4841
712 1243
712 2965
712 3004
712 3791
713 985
713 1525
714 1405
715 2088
715 2430
715 4258
716 4356
717 3391
718 3104
718 3378
718 4740
719 1532
719 1642
720 3027
721 3839
721 4656
721 4803
722 2207
722 2580
723 1273
723 1379
723 3305
723 4301
724 1750
724 1969
724 3020
724 4521
725 4291
727 1313
727 4680
728 1315
728 2730
729 1132
730 2114
730 3094
730 3367
731 2816
732 2259
732 3030
732 3554
733 1807
733 2322
733 3218
733 3442
733 4207
734 4146
734 4539
734 4618
735 3518
736 1018
736 2605
736 4034
737 1260
737 2478
737 4195
737 4382
738 3188
739 1165
739 3914
740 771
740 4391
740 4807
741 4748
742 994
743 3762
744 1833
744 3529
745 2211
745 3215
745 3608
747 1773
747 3736
748 1479
748 3457
749 786
749 2223
749 2587
750 1299
750 1751
750 2034
751 1683
752 3297
752 3914
753 1047
753 1739
756 1958
757 802
758 1701
758 2066
758 4280
759 4886
760 1116
761 4390
761 4483
761 4765
762 1702
763 869
763 1090
764 991
766 3597
766 3818
767 3636
768 977
768 1851
768 3899
770 1306
770 2139
770 2741
770 3790
771 867
771 4511
771 4663
772 1100
772 1194
772 1415
774 2539
774 4588
775 3841
776 1372
777 3948
777 4172
778 1135
779 884
779 4204
780 1852
780 1863
781 910
781 1142
781 1505
781 4649
782 3379
784 1017
784 4329
785 866
785 1442
786 2515
786 2700
786 2961
786 3164
788 2016
789 1800
789 3779
789 4627
789 4694
793 1331
793 1391
793 2715
793 3682
794 1071
794 4580
795 1068
797 1127
797 2873
797 4421
797 4524
798 3461
799 1086
799 1863
799 2714
799 3235
799 3791
800 1544
800 2082
801 1629
802 2592
802 3098
803 2790
803 4221
804 2375
804 2402
804 3933
806 1153
807 1109
807 1238
807 4176
808 857
808 3119
809 1357
809 2816
809 4779
810 2329
811 1515
811 2738
812 2865
812 3395
812 4590
813 1356
813 1764
814 3943
814 4735
815 1995
815 2347
815 2578
817 1044
817 2678
818 2219
818 3619
819 4932
820 3531
821 3012
821 4416
822 2417
822 3220
824 3464
825 1923
825 2398
825 2977
825 3702
825 4539
826 3697
827 2355
828 1560
828 2932
829 1112
829 2029
829 4471
830 4210
831 2141
833 1485
833 2285
833 3336
834 1919
834 2413
834 4461
836 1694
836 3083
836 4456
837 2966
837 3083
841 2286
842 2794
842 3386
842 3459
843 969
843 1026
843 1675
843 3024
844 2800
845 2272
845 4208
845 4598
846 1422
847 2351
847 2442
847 4320
848 3587
848 4039
849 1605
849 1762
850 1004
850 4152
852 1641
852 3474
852 4061
852 4494
853 2558
853 3200
854 4319
855 1512
855 2467
855 2994
855 4536
856 1671
856 2021
856 3725
856 4293
857 1384
857 2073
858 913
858 1180
858 4748
859 1831
859 3886
860 2462
860 3843
861 1626
861 1876
861 1930
861 2225
862 3219
863 2788
863 3363
864 2027
864 4295
864 4659
866 1255
866 2436
867 1481
867 2553
867 2781
868 3576
868 3628
870 2003
870 2330
870 3268
870 3566
870 3632
870 3695
871 1845
871 2562
871 4275
872 1038
872 4364
872 4465
873 1458
873 2999
873 3859
874 1466
874 2387
874 3702
875 1350
875 3639
875 3722
875 4442
876 1737
876 2338
876 4383
877 1228
877 4608
878 3991
879 4425
879 4734
880 4210
880 4337
881 4005
882 1453
882 1541
882 1889
883 1933
883 2579
883 3616
885 2237
885 3075
886 1948
886 2561
886 2953
886 3465
886 3519
887 960
887 2595
888 3114
888 3241
888 4058
889 1817
889 2116
889 4364
890 1898
890 3157
890 3853
890 4572
891 4287
892 2722
892 3897
893 1470
893 2091
893 3591
894 3023
894 4614
895 1326
895 3197
895 3377
895 3939
896 1048
896 4614
897 1738
898 4003
899 3500
900 3821
901 2079
901 3004
902 3642
902 4026
903 3123
903 4345
904 934
904 964
905 1900
905 3201
905 3968
906 3392
907 1183
907 3362
909 3214
909 3661
909 3696
909 3881
910 1800
910 1802
911 1614
911 2132
911 2303
911 4452
911 4536
912 1353
913 3009
913 4415
914 1858
914 2688
914 4883
915 1292
915 3956
915 4130
916 1528
916 2751
916 3553
919 1538
920 2644
920 4838
921 1008
921 2663
921 3693
924 4245
925 1491
926 1485
926 1563
926 1653
926 4825
927 3051
927 3406
929 2661
930 2057
931 3210
931 4218
932 3598
932 4714
932 4827
933 3999
933 4085
934 2801
934 3957
935 2438
937 4520
939 4721
940 1311
942 2425
942 2759
943 2233
943 3140
943 4507
943 4713
944 2641
944 3434
944 4232
945 1692
945 4182
946 1616
947 2757
947 3670
948 2457
949 1080
949 2455
949 3938
949 4566
950 1262
950 3352
951 1540
951 1985
951 2466
952 1020
952 3465
953 1127
953 1360
953 4128
953 4265
954 1168
954 1880
955 1301
955 4128
957 1118
957 2798
957 4340
958 965
958 1868
958 3737
958 3815
958 4347
959 1009
960 1540
960 3076
961 1034
961 1768
961 4417
963 1854
963 2307
963 2748
963 4913
964 4292
964 4848
965 1133
965 2266
965 2388
965 3164
965 4703
965 4893
966 989
966 2051
967 3298
967 4917
968 1729
968 3507
968 3703
968 4620
969 2423
969 2697
969 3806
970 2410
971 1214
971 3215
971 3768
972 1261
972 3681
973 3554
974 1923
974 3470
974 4818
975 1529
976 2830
976 4470
976 4656
977 1543
977 3922
978 4643
979 1875
980 1046
980 3253
980 3576
980 3984
981 1363
981 2670
981 2879
984 4411
985 3440
985 3956
986 3159
987 1049
987 2415
987 2911
987 2962
987 3969
988 4454
989 2850
989 4161
989 4357
989 4465
989 4891
990 2742
991 1345
991 1842
991 2464
991 3218
992 1373
992 2273
993 2288
993 2894
994 4507
995 4033
997 4850
998 2687
998 3840
998 4133
999 1778
999 2359
999 4501
1000 1544
1000 1879
1000 2604
1000 4810
1001 1803
1001 2943
1001 3441
1001 4412
1001 4640
1002 1466
1003 1483
1004 2341
1004 2343
1004 3480
1005 2124
1005 3220
1007 3010
1008 2092
1008 2616
1009 2819
1010 2623
1010 3341
1010 4114
1010 4225
1010 4877
1011 3847
1012 1190
1013 1616
1013 2962
1014 1185
1014 3123
1015 3379
1015 3751
1015 4370
1016 3204
1017 2605
1017 2751
1017 3288
1017 4573
1018 2080
1018 3312
1018 4694
1019 3709
1019 3839
1020 1306
1020 1478
1020 1766
1020 3243
1020 3803
1020 4895
1021 1348
1021 1775
1021 2214
1022 2089
1023 1216
1023 2656
1023 3448
1023 4417
1024 1211
1024 1443
1024 1836
1024 1859
1024 3297
1025 3294
1026 1915
1026 3459
1026 4861
1027 2593
1027 4069
1027 4911
1028 2893
1029 1669
1029 2124
1030 2047
1030 4651
1031 1353
1031 2824
1032 1998
1032 2678
1032 3006
1032 3015
1032 4615
1033 1157
1033 3447
1033 3518
1034 1478
1034 2915
1034 4633
1035 3519
1036 4119
1037 1051
1038 1987
1040 1638
1040 4733
1041 4218
1042 1295
1042 3279
1042 3866
1043 2915
1044 2222
1045 2028
1045 3268
1045 3423
1045 3977
1046 2564
1046 2994
1046 3556
1046 4193
1047 3370
1047 4204
1049 1163
1049 2126
1049 4845
1050 3320
1050 4366
1051 1223
1051 4308
1052 2757
1052 2801
1052 2901
1052 4453
1055 2491
1055 3260
1055 4391
1056 1584
1056 2225
1056 2753
1057 4895
1058 2068
1058 3429
1058 4081
1058 4199
1058 4261
1059 2305
1060 1280
1060 1741
1060 2245
1060 2753
1060 4500
1060 4601
1061 2295
1061 4906
1062 1120
1062 3936
1063 1076
1063 3211
1063 4059
1063 4314
1064 2863
1064 4283
1065 1740
1065 2629
1066 2367
1066 2820
1068 2232
1068 4618
1069 3144
1070 3144
1071 3436
1073 2681
1073 4007
1074 1692
1074 1797
1074 2437
1074 2608
1074 4365
1075 1156
1075 2829
1076 1720
1077 1862
1077 2802
1077 4287
1077 4312
1078 2295
1078 4440
1079 1485
1081 1873
1083 2900
1083 3478
1084 1619
1084 4752
1085 3524
1086 1587
1087 1192
1087 3092
1087 3512
1087 4351
1087 4401
1088 2452
1089 1695
1089 2475
1089 2572
1089 3194
1089 4223
1090 3381
1090 3555
1090 3628
1091 4071
1091 4240
1092 2380
1092 3687
1092 3766
1093 1773
1093 2324
1093 4478
1094 1636
1094 3727
1095 2259
1095 3243
1095 3649
1096 3048
1096 3320
1096 4373
1097 1133
1097 2396
1099 1641
1099 2571
1100 1917
1100 3911
1101 4377
1102 1831
1102 4687
1103 2378
1103 2802
1104 2167
1104 4757
1106 1729
1106 3085
1106 3776
1107 2624
1107 4401
1108 1376
1108 2599
1109 1326
1110 2562
1110 3201
1110 4776
1111 2566
1111 3385
1112 3275
1113 4698
1114 2650
1114 3970
1116 1361
1116 1775
1117 1367
1117 1959
1117 2157
1118 1310
1118 2639
1120 1619
1120 3490
1120 3566
1121 1128
1121 1169
1121 2223
1121 4849
1122 1636
1122 4397
1123 1295
1123 3819
1123 4579
1124 3312
1125 4797
1127 1922
1127 3573
1128 2561
1128 2939
1128 3406
1128 4442
1128 4881
1129 1599
1129 1721
1129 3093
1129 3623
1129 4266
1129 4790
1130 2803
1131 2216
1131 2256
1131 4159
1132 4423
1133 4536
1134 1713
1134 3110
1136 1293
1136 3052
1136 3501
1136 3596
1137 3583
1137 3740
1138 1709
1139 2456
1139 3834
1140 1534
1141 1379
1142 2368
1142 3653
1142 3812
1144 1771
1144 2190
1145 2186
1145 4222
1145 4798
1146 1321
1146 1482
1147 2681
1147 3649
1147 4100
1147 4787
1148 2678
1148 4549
1151 1734
1151 2882
1151 4782
1152 4871
1152 4905
1153 1625
1153 2995
1153 4361
1154 1274
1154 2588
1154 4091
1155 4734
1156 3092
1157 3583
1159 2808
1160 4764
1161 1746
1161 4692
1161 4844
1162 1246
1162 1605
1162 3852
1163 1233
1163 4798
1164 3371
1165 1502
1165 2904
1165 4631
1165 4640
1166 4088
1167 1661
1167 2524
1168 2202
1169 1390
1169 1830
1169 2864
1170 2154
1170 4482
1171 3592
1171 3730
1171 4078
1171 4143
1171 4340
1172 1492
1172 4122
1173 4434
1174 1643
1174 2055
1174 4442
1174 4712
1175 2133
1175 3782
1175 4067
1176 3987
1176 4198
1177 1584
1177 2072
1177 2278
1177 4622
1178 3772
1180 1954
1180 2603
1181 1746
1181 3278
1181 4296
1182 2248
1182 2922
1182 4213
1183 3004
1183 3299
1184 2563
1184 3245
1184 4237
1185 3208
1185 4166
1187 3635
1188 2395
1188 2874
1188 3426
1188 4087
1191 2560
1191 2837
1191 4826
1192 2608
1193 3031
1193 3741
1193 3933
1195 1315
1195 2742
1195 4298
1196 1458
1196 3131
1196 4012
1197 1695
1197 2412
1197 2466
1200 2149
1200 2352
1200 2456
1200 2482
1200 2591
1200 3556
1201 1792
1201 4594
1202 3188
1202 4419
1203 1589
1204 1616
1204 2195
1205 1532
1205 1895
1205 4182
1206 2883
1206 4552
1207 3496
1208 2589
1208 3828
1208 4824
1209 1729
1209 2302
1209 2440
1209 2478
1210 4296
1210 4441
1211 4041
1211 4370
1212 1461
1213 3019
1213 3944
1214 4607
1215 4872
1216 2293
1216 4060
1217 4791
1218 1936
1218 2641
1218 2672
1218 3190
1219 2096
1219 2724
1219 4012
1220 1986
1220 3120
1220 4408
1221 1861
1221 3827
1221 4865
1222 2528
1222 3425
1224 1898
1224 2801
1225 1319
1225 3040
1225 3209
1225 4151
1225 4198
1226 2280
1227 4379
1227 4577
1228 4912
1229 1358
1229 2988
1229 4080
1230 3788
1230 3835
1230 4493
1231 2916
1231 3421
1232 3348
1232 3671
1234 1912
1234 2408
1234 2455
1234 3943
1235 1360
1235 4724
1237 2117
1237 2327
1237 2899
1237 4180
1238 4132
1238 4698
1239 2286
1239 2287
1239 3365
1239 3910
1239 4730
1240 2751
1240 3311
1240 4584
1241 1592
1241 2493
1241 3364
1241 3684
1241 4267
1242 1308
1242 2179
1243 2944
1244 3055
1245 1353
1245 1559
1245 4292
1247 1826
1247 3279
1248 1347
1248 2530
1249 2509
1249 3020
1250 4536
1251 2012
1251 2098
1251 4824
1252 1610
1252 3146
1253 2458
1253 2556
1253 3130
1253 4369
1254 1401
1254 2420
1254 4348
1255 3302
1255 4604
1256 4916
1257 2237
1257 2351
1257 3676
1259 1286
1259 1794
1259 2520
1259 4413
1260 2340
1260 3045
1261 3961
1262 1966
1262 2678
1263 3790
1264 2834
1265 1647
1265 2434
1267 1395
1267 1931
1267 2065
1267 2956
1267 3613
1267 4590
1269 3845
1270 1347
1270 2688
1270 3226
1270 4609
1271 2768
1271 3053
1271 4877
1272 1583
1272 2961
1272 3476
1273 4101
1274 1333
1274 2427
1276 1489
1276 2009
1276 2650
1276 4642
1277 2991
1277 3304
1277 3815
1278 2469
1278 4328
1279 1326
1279 4238
1280 1788
1280 4095
1281 4003
1281 4041
1281 4227
1281 4782
1282 1946
1282 2262
1282 2719
1282 3580
1282 3641
1282 4818
1283 1718
1284 1776
1284 2387
1284 3605
1284 3673
1285 3024
1286 3155
1286 4587
1287 2450
1287 2775
1287 4583
1288 3650
1289 1590
1289 2022
1289 3261
1289 3469
1290 3588
1291 2398
1292 1977
1292 2076
1292 3091
1293 2424
1293 3193
1293 4638
1295 4329
1296 4556
1297 2131
1297 2791
1297 4489
1298 3062
1298 4664
1299 4671
1299 4927
1300 2588
1300 3177
1301 3900
1301 4482
1302 2515
1302 3520
1302 3585
1303 1429
1303 1863
1304 2041
1304 3053
1306 2034
1306 3041
1306 4667
1308 2259
1308 3715
1308 4272
1308 4444
1310 1832
1310 2511
1310 3080
1310 3970
1310 4365
1311 2017
1312 2822
1313 1508
1314 2841
1314 4055
1315 2286
1315 3052
1315 3169
1316 1704
1316 4460
1317 1425
1318 2327
1318 2373
1319 1344
1319 1546
1319 1942
1319 2304
1319 2523
1319 4761
1321 4141
1322 1350
1322 1372
1323 4901
1324 2865
1326 3806
1326 4432
1327 3082
1328 3918
1331 3266
1331 3353
1331 4181
1331 4918
1332 2075
1332 4251
1333 1596
1333 4360
1334 3681
1335 2444
1335 2762
1335 3881
1336 1347
1336 3311
1337 2028
1337 2090
1337 2205
1337 3818
1338 1593
1338 2823
1338 3151
1338 3439
1338 4160
1338 4306
1338 4819
1339 2931
1339 3400
1339 4639
1340 1589
1340 3534
1341 3426
1341 3902
1345 1899
1346 3814
1346 4075
1347 2960
1347 4774
1348 1597
1348 2711
1348 3067
1348 3664
1349 2126
1350 1861
1350 2859
1351 3870
1352 2122
1352 3283
1352 4441
1353 3816
1353 3928
1353 4041
1354 1374
1354 3260
1354 3679
1355 3080
1357 4124
1358 3025
1358 3050
1358 3837
1358 3959
1359 2957
1359 4529
1360 2729
1361 1556
1361 1924
1361 2002
1361 2844
1361 2967
1361 3345
1361 3578
1361 4421
1361 4890
1362 1818
1362 2342
1363 3998
1363 4662
1364 1584
1364 2953
1365 1601
1365 3987
1365 4058
1366 4419
1367 4333
1368 2403
1369 1513
1369 3634
1370 2126
1370 3784
1371 1446
1371 1547
1371 1620
1371 2494
1372 1642
1372 3142
1373 1570
1373 1621
1373 2401
1373 4308
1374 2726
1375 1582
1375 1685
1375 1727
1376 2281
1376 3932
1377 2579
1377 4400
1378 2643
1378 2702
1379 4619
1380 2108
1380 3828
1381 3365
1381 3695
1382 2154
1382 2205
1382 2342
1382 2932
1382 3013
1382 4236
1384 3335
1386 1872
1386 3447
1386 3712
1386 4606
1387 1740
1387 3943
1388 3977
1389 3756
1390 3841
1391 2681
1391 3277
1391 4707
1392 3388
1393 3264
1393 4314
1396 1680
1396 4243
1396 4766
1397 2970
1397 3057
1397 4616
1398 2986
1399 1548
1399 1677
1401 4533
1402 1581
1402 3704
1402 3931
1403 1628
1403 3425
1404 1546
1404 3049
1405 1724
1405 3187
1406 2977
1406 3014
1406 3206
1406 3230
1407 2136
1407 2210
1408 4735
1409 2021
1410 1764
1410 3238
1411 4360
1412 2333
1413 3222
1413 3706
1414 3043
1414 3742
1415 2705
1415 3298
1415 3396
1416 3445
1417 1641
1417 2226
1417 2567
1418 2268
1418 2393
1418 2557
1418 3217
1418 4001
1419 1626
1420 1963
1420 2250
1421 1887
1421 3410
1422 2847
1422 3495
1423 2300
1423 3054
1423 3214
1424 1548
1424 2687
1424 3932
1424 3982
1425 1450
1425 4512
1426 2453
1426 4090
1427 2590
1427 4163
1428 1549
1428 1875
1430 3051
1430 3355
1430 4487
1430 4546
1431 2212
1431 4676
1432 3287
1432 4115
1432 4270
1433 2268
1433 3824
1433 4140
1434 2040
1434 3265
1435 1700
1435 3922
1435 4553
1436 3698
1438 2952
1438 4077
1439 3064
1439 3309
1439 3754
1439 4071
1440 3115
1440 3962
1440 4713
1442 4234
1445 2148
1445 3508
1445 4279
1446 2880
1446 3933
1446 4648
1447 3725
1449 3011
1450 1515
1450 2419
1450 2469
1451 1460
1451 2394
1451 2433
1451 3867
1451 3954
1452 2571
1452 3756
1453 2938
1454 2469
1454 3328
1454 3448
1454 3516
1454 3600
1455 1877
1455 3475
1455 4688
1456 1467
1456 2665
1456 2728
1456 2792
1457 2398
1457 3838
1457 4904
1458 2904
1458 4062
1459 1550
1459 1871
1459 3046
1460 1774
1460 2003
1460 2011
1460 3059
1460 3703
1460 4457
1461 4181
1461 4484
1462 4050
1462 4056
1463 3457
1464 3316
1465 3037
1466 3012
1469 3752
1469 3756
1470 4581
1470 4667
1471 3159
1471 3380
1472 2601
1472 3078
1473 3360
1473 3789
1474 3595
1475 2229
1475 3123
1475 3783
1475 4223
1476 3323
1476 3833
1476 4184
1476 4392
1477 1673
1478 3621
1480 2017
1482 1568
1482 3316
1482 4709
1483 2028
1484 2500
1484 3682
1485 4125
1486 1877
1486 3822
1486 3900
1486 4420
1487 1733
1487 2005
1487 3125
1490 4166
1491 1776
1491 3009
1492 3171
1493 1655
1493 3180
1494 2614
1494 4206
1495 2169
1496 2552
1496 3124
1498 1594
1498 3613
1498 3708
1499 3794
1500 1717
1501 1598
1501 2760
1501 3111
1501 3842
1502 1694
1502 3269
1503 3310
1504 2288
1504 3542
1505 1843
1507 2947
1508 2027
1508 2523
1508 3597
1510 2250
1510 4715
1510 4738
1511 3775
1511 4286
1512 3342
1513 3782
1514 2048
1514 2318
1514 3284
1514 3462
1514 4104
1515 1630
1515 2927
1516 2816
1516 3940
1517 1788
1517 3073
1517 4578
1517 4744
1518 2263
1518 2386
1519 1821
1519 2871
1519 4671
1520 3405
1521 4353
1522 3612
1524 3931
1525 4152
1525 4405
1526 1589
1526 2914
1526 3322
1527 2052
1527 3529
1528 2897
1528 3752
1529 3928
1530 4648
1531 1652
1531 3340
1532 1853
1532 3965
1532 4429
1533 3135
1534 3087
1535 2082
1536 2125
1536 3788
1539 2464
1539 4241
1540 1874
1540 4829
1541 2792
1542 2141
1542 3629
1542 4904
1543 2276
1543 2590
1544 4732
1546 1631
1546 2932
1546 3504
1546 3722
1547 1686
1547 4028
1548 1918
1549 2667
1549 2892
1549 3271
1550 3001
1550 3031
1555 4487
1556 4820
1557 1955
1558 4105
1558 4450
1559 1971
1559 2513
1560 3324
1560 4857
1561 2087
1561 2382
1561 4245
1562 3947
1562 4875
1563 2484
1563 3707
1563 4575
1564 3807
1564 4381
1565 1780
1565 2002
1566 3193
1566 4320
1567 2295
1568 1821
1568 4485
1570 4276
1571 1626
1571 2914
1571 3011
1571 3019
1571 3686
1571 3846
1571 4084
1573 2071
1573 2887
1573 3706
1574 1944
1574 2609
1574 3362
1574 4720
1574 4890
1575 4213
1576 3202
1576 3532
1578 3589
1579 1736
1579 3907
1580 4352
1580 4885
1581 3533
1581 4494
1583 3406
1583 3614
1584 3364
1585 4239
1586 2182
1586 3910
1587 3792
1587 4530
1588 2669
1588 3071
1588 3654
1589 1889
1589 2050
1589 4065
1590 2917
1590 3722
1590 4566
1591 1800
1591 2201
1592 2793
1592 3889
1592 3923
1592 4009
1593 2290
1593 2327
1593 3232
1595 3371
1596 2189
1596 3147
1597 1775
1598 4917
1600 2877
1600 3417
1600 3825
1601 3024
1601 3366
1602 2084
1602 2856
1602 3663
1602 4722
1603 2069
1603 4340
1604 2250
1604 2798
1605 2802
1605 2939
1605 4887
1606 3147
1607 2874
1607 3384
1608 2348
1609 1926
1609 2360
1610 3183
1610 3943
1610 4739
1611 1678
1611 3860
1612 1665
1613 3800
1613 4668
1614 2362
1614 3685
1614 3774
1614 4261
1614 4448
1615 4596
1616 4581
1617 4277
1618 3533
1619 1861
1620 3143
1620 3201
1621 3228
1621 4296
1622 2204
1623 2135
1623 3161
1625 2049
1625 4424
1626 2886
1627 3871
1628 2152
1629 4041
1630 1834
1630 3348
1630 4496
1631 2756
1632 3208
1633 4663
1634 2266
1634 3429
1634 3961
1636 1969
1636 3683
1636 4746
1637 2507
1638 2050
1638 2895
1639 3976
1640 3833
1640 4261
1641 1648
1641 1750
1642 2199
1642 2934
1642 3599
1642 3848
1643 3448
1645 2374
1645 3746
1645 4110
1645 4641
1646 3574
1648 1774
1648 4683
1648 4773
1649 2731
1649 2772
1650 3213
1650 4310
1650 4612
1651 2921
1652 3456
1652 3907
1652 4669
1652 4766
1654 2874
1654 4613
1655 2758
1656 4880
1658 4595
1659 1701
1659 2979
1659 4852
1660 2158
1660 3837
1661 2174
1661 2575
1661 2933
1661 3182
1661 4803
1662 3860
1662 4617
1664 2276
1664 3298
1664 4411
1664 4695
1666 4020
1666 4549
1667 1788
1667 4270
1668 3233
1669 1812
1669 3829
1669 4661
1670 2933
1671 2670
1672 1848
1672 2748
1672 4019
1673 2696
1673 4488
1674 4681
1675 4589
1675 4916
1676 2814
1676 3965
1676 4003
1677 2574
1678 3353
1678 4555
1680 1724
1681 1796
1681 1929
1681 3351
1683 2896
1683 3831
1684 2099
1686 2511
1686 2687
1686 3385
1686 4172
1687 1910
1687 4391
1688 2018
1688 3848
1689 1967
1690 3666
1691 2459
1691 3404
1692 3759
1696 3409
1698 2764
1698 3416
1699 2375
1699 2556
1700 2496
1700 2507
1700 4042
1701 4051
1701 4488
1701 4613
1701 4833
1702 1907
1702 3346
1704 3106
1705 1804
1705 1909
1706 2074
1706 2213
1706 2833
1707 3831
1708 2422
1708 2472
1708 3796
1709 2978
1709 3603
1709 4034
1710 3466
1710 3534
1710 4585
1710 4914
1711 1831
1711 1905
1711 2468
1711 3583
1712 2082
1712 3687
1712 3756
1713 2219
1713 3180
1713 4344
1714 2699
1714 3008
1716 3347
1717 2112
1717 4225
1718 2256
1718 3342
1720 2657
1721 4020
1722 3520
1723 2803
1723 4729
1724 1941
1724 3703
1725 1780
1725 2021
1726 2794
1727 3853
1727 4729
1728 1755
1728 1923
1728 3625
1728 4784
1728 4822
1729 2657
1729 4207
1730 4500
1731 3182
1731 3829
1734 1820
1734 2039
1734 2260
1734 2720
1734 3372
1734 4939
1735 3052
1736 3876
1736 4476
1736 4768
1738 4532
1739 2818
1739 3258
1740 4270
1741 2607
1741 3326
1743 3494
1743 3751
1744 1875
1745 4038
1745 4862
1746 2014
1747 2617
1747 3660
1748 3498
1749 2034
1750 3196
1750 3724
1750 3806
1751 2783
1751 2975
1752 2757
1752 3561
1753 2640
1753 2697
1754 2436
1754 3976
1757 2165
1759 2979
1759 3013
1759 3255
1759 4110
1760 2411
1761 2698
1761 4088
1763 2638
1763 3499
1764 1968
1764 2361
1764 3005
1764 4275
1765 2665
1765 4336
1765 4737
1765 4758
1766 1855
1766 2359
1766 3042
1766 3586
1766 4340
1767 4323
1768 1969
1768 4166
1770 2946
1770 3774
1772 2356
1772 2725
1773 2467
1773 2813
1773 4027
1773 4034
1774 2201
1774 3674
1775 2816
1775 3898
1775 4218
1776 2948
1776 3943
1776 4557
1779 1987
1779 4562
1780 2589
1781 2513
1781 4001
1782 2403
1782 3321
1782 4883
1783 1927
1784 3457
1784 4500
1786 2730
1786 4558
1787 2641
1787 2738
1788 2308
1788 4091
1788 4800
1789 2172
1789 3043
1789 4101
1790 2777
1790 3040
1790 4416
1790 4765
1791 2987
1792 2433
1792 4420
1793 3551
1793 4507
1794 1938
1794 4020
1794 4158
1795 2200
1795 3612
1795 4318
1796 3660
1797 4259
1797 4367
1798 1973
1798 2367
1798 3564
1798 3828
1800 1833
1800 4501
1801 2020
1801 4149
1802 2760
1802 4807
1803 2452
1803 2922
1803 4016
1804 2039
1806 2335
1806 4574
1807 2505
1807 3837
1808 4310
1809 2494
1809 3021
1809 4288
1810 2182
1810 3389
1810 4515
1810 4555
1814 3736
1814 4073
1815 3760
1817 2135
1817 3318
1818 2120
1818 3041
1819 3576
1820 2818
1820 3847
1822 2642
1822 3175
1822 3237
1823 2411
1823 3063
1823 3261
1823 3881
1823 4108
1824 2020
1824 2667
1824 3677
1824 4346
1824 4443
1824 4621
1825 2913
1826 2579
1826 4553
1827 4835
1828 3315
1833 2109
1833 4036
1834 2186
1834 3442
1835 2086
1835 4747
1836 3466
1836 4351
1837 3037
1838 3673
1838 4119
1839 2494
1839 4034
1840 3613
1842 2116
1842 3183
1843 1878
1843 2001
1845 1995
1845 2449
1845 3098
1848 2090
1848 2953
1848 3275
1849 3097
1850 2593
1851 2896
1851 3077
1852 2978
1852 3728
1852 4529
1854 4680
1855 3871
1856 2459
1856 3083
1858 2184
1858 2323
1858 2627
1859 2352
1859 2760
1859 2845
1859 3226
1860 3879
1860 4178
1861 2024
1861 3429
1861 4829
1862 1989
1862 3339
1862 4785
1864 3499
1864 4286
1865 2553
1865 3523
1868 3166
1868 3868
1868 3895
1868 4033
1868 4393
1868 4650
1868 4680
1869 2718
1869 4024
1870 3844
1872 4518
1873 2217
1873 4510
1874 4328
1875 2329
1876 3150
1877 2443
1877 2570
1878 3155
1878 4672
1879 3052
1881 2473
1881 2807
1881 3177
1881 3413
1881 4448
1881 4809
1882 2123
1882 2533
1883 2385
1883 2494
1883 2797
1884 1961
1884 2543
1884 4149
1885 2913
1885 3467
1887 2170
1887 2431
1887 3070
1888 3564
1889 2363
1890 2478
1890 3022
1891 2625
1891 3678
1891 3780
1892 2011
1894 2972
1894 3460
1894 3607
1894 4443
1894 4668
1895 3723
1897 3430
1898 2803
1898 4637
1898 4891
1899 4347
1900 2440
1901 2660
1902 2575
1902 2702
1902 3736
1902 4895
1903 3467
1903 3532
1903 3701
1905 4364
1906 2315
1907 2077
1909 4475
1911 3010
1911 3577
1911 4469
1912 4059
1913 2068
1913 2554
1914 2193
1914 2898
1914 3253
1914 3474
1914 4415
1916 4087
1917 2971
1917 4633
1918 3029
1918 3497
1918 3728
1921 3496
1921 3735
1922 2445
1922 3175
1922 3214
1922 3439
1922 3475
1923 4909
1924 2050
1924 2278
1924 2694
1925 2394
1925 2969
1926 2776
1926 3748
1927 2923
1927 3106
1928 3351
1928 4308
1928 4607
1929 4007
1930 2119
1930 3996
1930 4027
1931 3824
1932 3980
1933 2391
1933 2618
1933 2800
1934 2554
1934 3162
1934 3704
1934 4089
1934 4646
1936 4742
1937 2217
1937 2813
1938 4160
1938 4633
1938 4636
1939 2090
1939 4278
1941 2088
1941 2330
1941 3626
1941 4596
1941 4606
1942 4437
1943 2299
1943 4034
1944 2603
1944 3019
1944 3453
1946 4723
1947 2295
1949 3423
1949 4905
1950 2190
1951 3205
1951 3988
1953 3630
1953 3899
1955 2156
1955 3427
1956 2353
1956 2399
1956 3195
1956 3298
1957 2210
1957 4145
1958 4577
1959 4800
1960 4186
1960 4214
1960 4265
1962 2181
1962 4729
1964 4184
1965 4062
1965 4470
1966 4115
1966 4171
1967 2617
1968 2051
1968 2548
1970 3373
1971 2663
1972 3235
1972 3964
1973 2374
1973 4538
1974 2997
1974 3142
1974 4638
1977 2452
1977 3833
1977 4320
1978 4504
1979 3372
1980 3572
1980 4434
1981 2675
1981 2712
1982 2962
1982 3114
1982 4091
1982 4197
1983 3083
1983 4416
1986 3878
1987 2485
1988 2249
1988 2614
1988 4321
1990 2198
1990 3367
1990 4383
1991 2297
1991 2364
1991 4519
1992 3239
1993 3170
1994 2020
1996 2313
1996 4014
1997 2615
1998 3973
1998 4072
1998 4399
1999 2534
2000 3132
2001 3151
2001 4198
2002 3207
2002 3299
2002 4595
2003 4294
2004 3427
2004 3491
2004 4300
2006 2260
2006 4841
2006 4915
2007 4579
2007 4602
2008 3253
2008 4345
2008 4872
2010 3422
2010 4637
2010 4884
2011 2969
2012 2631
2012 4691
2013 2923
2013 4285
2013 4834
2014 2258
2014 2944
2015 2976
2015 3103
2016 3643
2016 4617
2017 2780
2017 3827
2018 4628
2018 4691
2019 2461
2020 2170
2021 4752
2022 2044
2022 2456
2022 4030
2022 4599
2023 2495
2023 4787
2024 3232
2024 4508
2024 4628
2025 2073
2025 2773
2025 4277
2026 2264
2026 3440
2026 4122
2026 4651
2027 3328
2028 2295
2028 2931
2029 2462
2029 3707
2029 3853
2029 4161
2029 4592
2029 4844
2031 2514
2031 2989
2032 2176
2032 3868
2033 3871
2033 4025
2034 2303
2038 2214
2038 3874
2038 4341
2039 2814
2042 3164
2042 4570
2042 4703
2044 4322
2044 4334
2044 4731
2045 2354
2046 2640
2047 2653
2047 3688
2049 3305
2049 3873
2049 4702
2050 2401
2050 2475
2050 4181
2050 4272
2052 2537
2052 2706
2052 3821
2052 4771
2053 2362
2053 2699
2053 4115
2055 3686
2056 2197
2056 3174
2056 4710
2056 4719
2057 2178
2058 2649
2059 4200
2059 4758
2060 3030
2062 2169
2062 2552
2062 3812
2063 3815
2064 4099
2065 2881
2065 2968
2066 2512
2067 4404
2068 2549
2069 2290
2069 2886
2069 3300
2069 4121
2069 4270
2070 2077
2071 2104
2071 2473
2072 4345
2075 4330
2077 2847
2077 3955
2077 4303
2078 4761
2079 4844
2080 2814
2080 4665
2082 2962
2082 4624
2082 4773
2083 3027
2083 3316
2086 4569
2088 2937
2088 3970
2088 4742
2089 2249
2089 2534
2089 2839
2089 2897
2090 4233
2091 3255
2091 3479
2092 2884
2093 2969
2097 2119
2097 3602
2097 3624
2098 3461
2099 2216
2099 2803
2099 3105
2100 2244
2100 2679
2100 3685
2100 4381
2100 4450
2101 3775
2102 2574
2102 3828
2103 2527
2103 4240
2104 4154
2107 2363
2108 2211
2108 4614
2109 2680
2109 3247
2109 3387
2110 2119
2110 3943
2110 4758
2111 4013
2112 3125
2112 3621
2112 3759
2112 3792
2114 2772
2114 4759
2115 3887
2115 4171
2116 2463
2117 4759
2119 3943
2120 2647
2121 3730
2121 4751
2122 2153
2122 3702
2123 3540
2125 2274
2125 2435
2126 3998
2126 4382
2127 3530
2127 4418
2128 4495
2129 4085
2129 4893
2130 2217
2130 3098
2131 2465
2131 3428
2132 3522
2133 2190
2134 4682
2135 2632
2136 4330
2137 2364
2137 4168
2138 2692
2138 2793
2138 4492
2139 2791
2139 4909
2140 4097
2141 2972
2145 2393
2145 2722
2145 3228
2147 3198
2147 3931
2148 3370
2148 4469
2149 4485
2150 4422
2151 3161
2152 3847
2153 3084
2153 3227
2153 3947
2154 2760
2155 3066
2155 3602
2156 3637
2156 4805
2157 3062
2157 3548
2159 2815
2159 3619
2159 4364
2159 4775
2160 4615
2161 2569
2162 2188
2162 2436
2162 3291
2162 3298
2164 2598
2164 2793
2164 3012
2164 3192
2164 3508
2165 3711
2166 3959
2166 4212
2168 2903
2168 3262
2168 4445
2168 4618
2169 3736
2169 4260
2170 2404
2171 2552
2171 3618
2171 4254
2172 3186
2173 3469
2173 3635
2173 4058
2173 4739
2174 2591
2174 3636
2177 2366
2177 2399
2177 4823
2178 2234
2178 3966
2181 4707
2182 4725
2183 3806
2184 2524
2184 3979
2185 2931
2186 3094
2186 3494
2189 4101
2189 4890
2190 2695
2191 2980
2191 4407
2193 3437
2193 4263
2197 2609
2197 3128
2197 3852
2198 2626
2198 2976
2199 2305
2199 2862
2199 3563
2199 4641
2200 4231
2201 3092
2201 4811
2202 2491
2203 2682
2205 4026
2205 4727
2205 4940
2206 3034
2206 4022
2207 4220
2208 3041
2208 3425
2208 4252
2209 3229
2209 4265
2210 4296
2211 2245
2211 4058
2212 2946
2212 4023
2212 4454
2213 2658
2213 3131
2213 3558
2213 4037
2213 4430
2215 2219
2215 3277
2215 3343
2215 3961
2215 4070
2215 4222
2217 2227
2217 2387
2217 3527
2218 3015
2219 3444
2219 3791
2219 4278
2221 4260
2222 2819
2222 2950
2223 3775
2224 2813
2224 4080
2226 3862
2226 4139
2227 3769
2228 2547
2228 4665
2230 2900
2230 3495
2231 3332
2232 3407
2232 4125
2233 4647
2233 4787
2235 4411
2237 4196
2238 3726
2239 3230
2240 2306
2240 2357
2240 3893
2240 4219
2241 2602
2242 2375
2242 3468
2244 4022
2244 4377
2245 3700
2245 4369
2246 2770
2246 3034
2246 4868
2248 3313
2248 3549
2249 3751
2249 3945
2250 2759
2250 3315
2251 3429
2251 4478
2252 2509
2252 2529
2253 2752
2254 3422
2255 2317
2255 2804
2255 4083
2255 4748
2257 3376
2259 3148
2259 4632
2259 4917
2260 2402
2261 4639
2262 3966
2263 3151
2264 3093
2264 4458
2266 2339
2268 4285
2268 4380
2269 4327
2269 4716
2269 4797
2270 2713
2270 3247
2270 3704
2270 4202
2271 2480
2271 2963
2271 3816
2271 4633
2272 2554
2272 2669
2272 3526
2272 4098
2273 2505
2274 3998
2275 3594
2275 3993
2275 4543
2278 2626
2278 3510
2280 2728
2280 4090
2281 2354
2281 2935
2282 2982
2282 3850
2283 3035
2283 3108
2284 2585
2284 3352
2285 3865
2285 4001
2285 4682
2287 3633
2287 3796
2287 4505
2288 4615
2289 3590
2289 4792
2290 2892
2290 3195
2291 3878
2291 4700
2292 4646
2293 3555
2293 4743
2293 4756
2295 3404
2298 3226
2298 3604
2300 2586
2300 4593
2301 2866
2301 4370
2302 4766
2303 2652
2304 4928
2306 2574
2306 3873
2308 2371
2309 3317
2309 4102
2311 2337
2312 2749
2312 2957
2312 3867
2312 4062
2313 2489
2315 3633
2317 2891
2317 4577
2318 4068
2318 4447
2321 3493
2322 2664
2323 2872
2323 3270
2324 2961
2324 3174
2324 4366
2325 3416
2326 4572
2326 4586
2326 4921
2330 3519
2330 4409
2331 2515
2331 4368
2332 2369
2332 4237
2333 3897
2334 4554
2335 2704
2335 2926
2335 4369
2335 4780
2336 3270
2336 3276
2336 4170
2337 3803
2337 4205
2339 3069
2340 3572
2341 3436
2341 4692
2344 2646
2344 4185
2345 3028
2347 3158
2347 3944
2348 4113
2349 2381
2349 2615
2349 3599
2349 3897
2350 2488
2351 4189
2352 2635
2353 2469
2354 4207
2355 3843
2356 3533
2356 3889
2356 4143
2357 4050
2358 2903
2359 2856
2360 2711
2360 3630
2360 3678
2360 3796
2362 2792
2362 3458
2362 4872
2364 4537
2366 2703
2367 3430
2367 3662
2367 4857
2371 3419
2371 4633
2372 2465
2372 4620
2373 3519
2373 4070
2375 4109
2376 4587
2378 2465
2378 3821
2378 4567
2378 4697
2379 4462
2381 4652
2382 3906
2383 2982
2385 2722
2385 3818
2387 2996
2387 3626
2387 4939
2388 4023
2391 2674
2391 3274
2391 4055
2391 4202
2391 4277
2392 2705
2392 3574
2392 4760
2393 2521
2395 4592
2396 2710
2397 2972
2397 2987
2397 4234
2398 3600
2398 3872
2401 4062
2403 3952
2403 3996
2403 4014
2403 4445
2404 2796
2404 3080
2404 3357
2405 2603
2405 3096
2406 3720
2407 3831
2408 2460
2409 3768
2410 3684
2412 2819
2413 2426
2413 2992
2413 4128
2413 4556
2413 4650
2413 4669
2414 2497
2414 2700
2414 4638
2415 3311
2416 4873
2419 2545
2419 2657
2420 2500
2420 4107
2421 4656
2422 4321
2423 4488
2424 4528
2426 2551
2428 2505
2428 2587
2428 2853
2428 3363
2430 3246
2430 4576
2431 3399
2433 3320
2433 3651
2434 2888
2434 4308
2439 4172
2441 3355
2441 4053
2442 2801
2442 4562
2443 3619
2444 4046
2444 4214
2445 2559
2445 2760
2445 2778
2445 4377
2446 3128
2448 2498
2448 2769
2448 3474
2450 4129
2450 4868
2452 3121
2452 3419
2453 3353
2454 3396
2455 2571
2456 3273
2456 3468
2456 4078
2456 4620
2457 4440
2458 4172
2458 4825
2459 3037
2459 3066
2460 3519
2460 3719
2460 4576
2461 2578
2462 3343
2463 4172
2464 3239
2465 3139
2465 4520
2465 4774
2466 4244
2467 2857
2467 3179
2467 3986
2469 3230
2470 2488
2471 2952
2471 3086
2472 4594
2473 4443
2475 3607
2476 3673
2477 2871
2478 2659
2479 3541
2481 3303
2481 3333
2482 2881
2482 4079
2483 4340
2483 4429
2485 4863
2487 3902
2488 3156
2488 4929
2489 4037
2490 3760
2493 3154
2494 2672
2494 3908
2494 3990
2494 4586
2494 4744
2495 2910
2495 3100
2496 2702
2497 2670
2497 3465
2498 2603
2498 4138
2498 4248
2499 3394
2499 4070
2500 2993
2500 3312
2500 4664
2502 2695
2502 2909
2502 4704
2503 2647
2505 4720
2506 2601
2508 3121
2508 4789
2509 2605
2510 4783
2511 2766
2511 3139
2513 2675
2513 2708
2513 4258
2514 2655
2514 4300
2514 4854
2515 2532
2516 3129
2517 2838
2517 3116
2517 4277
2518 3980
2519 2765
2521 4003
2521 4774
2522 2555
2523 3092
2523 4921
2524 3175
2525 3107
2525 3227
2526 3962
2526 4545
2526 4711
2528 3471
2528 4628
2529 3927
2530 4531
2531 4734
2532 3461
2533 4380
2533 4716
2534 3519
2534 4896
2535 3043
2535 3815
2536 3068
2536 3293
2538 3476
2539 4554
2540 4727
2540 4883
2542 2977
2542 3344
2542 4528
2545 2865
2545 3323
2545 4083
2546 2912
2546 4014
2549 3916
2549 4695
2551 4756
2552 2976
2552 3296
2552 3959
2553 3246
2553 3695
2553 3789
2553 3939
2555 4401
2557 4147
2558 4094
2559 2656
2559 2811
2559 4371
2560 3041
2563 2984
2563 3541
2564 2761
2565 4225
2566 2684
2567 4641
2567 4776
2570 3675
2571 4474
2571 4612
2571 4786
2572 3961
2572 4935
2573 2772
2573 3705
2575 2673
2575 2756
2575 4173
2575 4892
2576 3354
2576 4124
2577 2980
2577 4340
2578 3653
2578 3684
2580 4620
2582 3729
2582 3986
2584 3430
2584 4604
2584 4847
2585 4406
2585 4842
2586 3422
2588 3417
2588 3455
2588 3471
2588 3949
2590 4201
2591 2613
2592 2689
2592 2962
2592 3237
2592 4048
2593 3558
2593 4435
2594 3953
2595 3249
2595 4436
2596 4465
2597 4089
2598 2867
2598 3714
2598 4901
2600 3132
2600 3484
2600 3897
2602 3099
2602 3258
2602 3624
2604 4685
2604 4913
2605 4478
2605 4545
2607 2646
2607 2653
2608 2831
2608 3158
2610 2908
2611 4808
2612 4245
2613 4410
2613 4706
2615 4251
2616 2808
2616 4012
2616 4874
2617 3260
2618 3183
2620 2751
2620 3898
2621 3979
2622 3043
2623 3682
2624 4136
2625 3594
2625 4870
2626 3701
2626 4725
2628 4738
2629 2853
2629 3386
2631 2811
2631 3501
2633 2922
2633 3479
2634 3255
2636 2936
2636 3363
2636 3406
2637 4146
2638 3000
2638 3535
2639 3319
2639 3958
2639 4220
2639 4286
2639 4495
2639 4651
2640 3917
2641 2767
2642 2900
2642 4363
2644 3672
2644 4917
2645 3085
2647 2713
2648 3769
2648 4179
2649 3332
2649 4079
2649 4240
2649 4710
2650 3852
2651 2933
2651 4801
2654 3241
2655 2760
2657 3371
2657 4091
2658 4380
2660 3152
2660 3580
2660 4000
2661 2825
2661 3072
2662 4170
2662 4486
2664 4425
2667 3640
2667 4200
2668 4602
2669 4361
2670 3965
2671 3009
2672 3340
2673 4307
2673 4631
2674 4131
2677 2906
2677 3458
2679 4208
2681 4816
2683 3367
2683 3443
2683 4561
2683 4869
2684 2744
2686 4615
2686 4703
2687 4539
2688 2808
2688 4298
2689 4087
2690 4626
2692 4109
2694 3895
2694 3957
2695 3848
2695 4739
2696 3030
2696 3298
2696 4055
2696 4637
2696 4877
2697 2721
2697 2900
2698 4615
2699 3495
2699 3782
2700 4531
2700 4853
2703 4308
2703 4342
2704 3096
2704 3119
2704 3918
2705 3170
2705 3495
2707 3196
2707 4225
2708 4903
2710 3288
2710 3395
2710 3899
2710 4858
2711 2909
2711 3135
2711 3727
2712 4782
2713 3585
2713 3895
2713 4751
2715 4194
2715 4733
2717 3361
2717 4200
2717 4824
2719 2790
2719 3474
2719 4447
2720 4500
2721 2764
2721 2889
2721 3086
2722 4785
2724 3090
2724 4131
2725 4413
2725 4441
2726 4657
2726 4897
2726 4915
2727 4055
2729 3249
2729 3321
2729 3409
2729 3652
2729 3944
2729 4636
2730 4613
2732 4105
2733 3183
2733 3500
2733 3987
2733 4871
2736 4555
2737 3691
2737 4660
2738 3283
2738 3399
2738 4489
2739 3681
2740 3297
2740 3604
2741 4374
2742 3991
2742 4149
2743 3982
2745 3429
2745 3453
2746 4387
2748 3167
2749 4823
2750 3097
2750 4082
2752 2939
2752 3033
2753 3469
2756 3492
2757 4021
2759 3087
2760 2907
2761 3203
2763 3603
2763 4089
2764 4202
2764 4648
2765 2953
2767 4037
2767 4718
2769 3151
2769 4514
2770 3697
2770 3837
2773 4000
2773 4375
2773 4844
2775 4122
2778 3420
2781 3006
2782 3337
2782 4347
2783 3764
2785 3720
2786 3437
2787 2895
2787 2955
2787 3204
2787 3288
2789 3373
2789 3459
2789 4012
2789 4462
2790 4692
2791 3689
2791 3835
2793 3847
2795 3427
2795 4826
2796 3245
2796 3311
2797 3390
2797 4357
2798 3983
2798 4118
2798 4466
2799 4124
2800 4882
2801 3842
2802 2905
2803 3080
2804 2939
2806 3753
2806 4532
2807 3505
2808 3567
2809 4378
2810 2923
2810 3781
2810 3934
2813 4632
2814 3245
2815 3748
2816 4532
2817 4439
2817 4799
2818 4248
2819 2839
2819 3227
2820 4859
2821 3541
2821 3947
2821 4643
2822 3605
2823 4128
2824 3569
2825 3026
2828 3602
2829 2903
2829 4665
2830 3234
2830 3687
2831 4685
2832 2902
2832 4011
2833 3746
2836 3149
2836 4609
2837 4573
2838 4058
2838 4257
2838 4285
2840 3284
2840 3971
2841 2888
2841 4729
2842 4770
2845 3089
2845 3767
2848 3599
2848 3739
2848 4038
2849 3797
2849 4508
2849 4594
2850 3540
2850 3938
2851 3205
2851 3834
2851 3862
2851 4069
2851 4854
2852 2859
2853 4104
2854 3082
2854 3948
2854 4548
2854 4738
2856 4438
2857 3370
2857 3543
2857 4489
2858 2963
2859 4516
2860 3077
2863 4202
2865 3143
2866 3659
2866 3760
2867 3409
2868 3812
2868 4581
2868 4775
2870 3116
2871 4033
2871 4758
2872 4686
2873 4123
2874 3639
2875 3033
2876 3614
2877 3123
2877 3704
2878 4467
2879 3496
2880 3365
2880 3664
2880 4302
2882 3189
2883 3053
2884 3513
2885 3630
2886 2890
2886 3238
2887 3546
2888 4003
2888 4810
2890 4000
2890 4517
2891 3165
2891 3203
2891 3603
2891 4067
2892 4220
2892 4250
2892 4561
2893 3591
2893 4326
2895 3507
2897 3234
2897 3596
2898 3000
2898 3150
2899 3427
2900 4125
2901 3878
2902 4416
2903 4515
2903 4647
2904 4813
2906 4581
2907 3559
2909 3726
2910 4528
2911 3317
2913 4234
2915 3971
2915 4513
2915 4727
2917 3767
2918 4881
2919 3765
2919 3822
2921 3374
2922 3326
2922 3459
2923 3172
2923 3178
2923 3432
2923 3943
2928 4036
2930 3323
2930 3623
2931 4463
2932 4355
2933 3454
2933 3796
2938 3477
2939 4174
2940 4810
2941 3802
2941 4938
2942 3228
2943 3095
2943 3384
2943 4734
2945 3552
2946 3713
2946 4484
2947 3619
2951 4263
2953 3564
2953 4280
2955 3328
2958 3528
2959 3811
2959 4232
2960 3791
2961 4138
2961 4706
2962 3134
2963 3206
2965 3687
2966 4129
2967 3066
2967 3070
2969 4291
2969 4842
2971 4022
2973 4095
2973 4715
2974 3233
2974 3765
2975 4233
2975 4412
2976 4678
2976 4848
2977 4652
2978 3825
2979 3784
2979 4050
2979 4480
2981 3075
2981 3362
2981 4715
2982 4588
2983 3909
2983 4448
2983 4632
2985 4813
2987 3874
2987 4756
2992 3343
2992 3504
2992 3558
2993 4028
2993 4764
2994 3265
2994 3272
2994 3281
2994 4538
2995 4507
2996 3973
2996 4436
2997 4640
2999 3741
2999 4272
3001 4383
3002 3479
3003 4846
3007 3558
3007 3677
3008 3215
3008 3917
3010 3012
3012 4181
3014 3168
3014 4288
3017 3762
3017 4170
3018 4056
3020 4371
3021 4642
3021 4663
3022 4563
3023 4732
3024 3631
3024 3931
3025 3450
3025 3778
3026 4460
3027 3555
3027 4301
3028 3134
3030 4478
3032 3157
3034 3073
3035 3287
3037 4720
3038 4289
3039 4533
3040 4594
3042 3953
3043 3247
3043 3829
3046 4207
3047 3492
3047 4134
3048 3297
3048 3463
3048 3721
3049 3111
3049 3342
3051 4206
3051 4214
3051 4341
3052 4063
3054 3306
3055 3716
3056 3096
3057 3821
3061 3538
3062 3496
3063 3526
3063 4194
3063 4475
3065 3329
3065 4651
3066 3420
3067 4880
3068 4503
3068 4687
3068 4800
3069 3160
3071 4411
3072 4015
3072 4267
3074 4637
3077 3548
3077 3744
3079 3151
3079 4775
3082 3267
3082 4114
3083 4267
3085 3510
3085 4906
3088 3185
3091 4632
3092 3397
3092 3644
3092 4367
3093 3796
3093 4115
3098 3563
3099 3816
3099 4079
3100 3388
3100 3898
3100 4930
3105 3600
3107 4763
3109 3399
3113 3850
3113 4922
3114 4097
3114 4586
3114 4874
3115 3459
3116 3198
3116 3580
3116 4675
3117 3184
3117 4808
3118 3508
3118 4061
3118 4092
3118 4843
3120 4169
3122 3346
3124 4199
3124 4400
3125 3636
3125 4407
3126 4745
3127 3612
3127 4770
3129 3769
3129 4030
3131 3208
3131 3280
3132 4430
3133 3395
3133 4798
3135 3722
3137 3355
3137 4823
3137 4894
3139 4064
3140 3337
3141 3547
3142 3179
3142 4097
3146 4078
3148 3416
3148 4694
3150 4202
3150 4824
3151 3636
3152 4282
3153 4022
3153 4248
3154 4709
3156 3201
3158 3754
3159 3763
3159 4375
3159 4821
3161 3470
3162 3972
3164 4036
3164 4900
3165 3311
3167 3419
3167 4501
3168 3627
3168 3832
3171 3835
3171 4607
3171 4825
3174 3727
3176 4015
3176 4627
3177 4902
3179 4606
3180 4210
3180 4285
3181 3741
3181 4429
3184 3768
3185 3963
3187 4485
3189 4489
3189 4936
3195 4901
3197 3602
3197 4462
3198 3521
3198 4115
3198 4676
3199 4326
3200 3990
3200 4017
3201 4000
3202 4128
3203 3791
3203 3945
3205 3429
3205 3716
3206 3709
3207 3500
3213 3724
3213 4480
3215 4627
3216 3231
3217 3694
3217 3698
3217 4916
3218 3491
3219 4256
3219 4880
3221 3420
3221 3852
3221 4400
3222 3820
3223 4044
3224 3905
3224 3939
3225 3710
3226 4901
3227 3446
3228 3622
3229 4033
3229 4094
3230 3428
3230 3464
3230 4781
3231 3696
3231 3912
3233 4710
3235 3947
3237 3522
3237 4567
3238 4181
3240 3625
3240 4560
3240 4602
3241 4275
3242 3695
3242 4156
3243 4074
3243 4613
3244 3347
3244 3844
3245 3635
3245 3979
3246 3731
3247 4743
3250 3490
3252 4125
3253 3619
3255 3420
3255 4099
3256 3735
3256 4350
3257 3390
3259 3728
3261 3853
3261 3860
3262 3893
3263 3927
3264 3711
3266 4532
3267 4656
3268 3351
3268 4520
3269 4464
3269 4812
3270 3791
3270 4253
3274 4392
3274 4815
3275 3570
3276 3418
3277 3322
3278 3522
3278 3897
3278 4028
3278 4830
3280 3382
3281 3758
3281 4843
3283 3372
3284 4778
3285 4692
3286 3836
3286 3922
3288 4512
3293 4633
3295 4488
3300 3383
3300 3865
3300 3883
3300 4167
3301 3906
3301 3931
3302 4067
3303 3318
3303 3597
3304 3325
3304 4025
3304 4333
3305 4791
3310 3753
3311 4285
3314 3673
3314 4443
3315 3700
3315 4671
3317 3711
3317 4238
3317 4711
3318 4508
3321 4086
3322 3361
3323 3804
3323 4078
3325 3781
3327 3478
3327 3965
3327 4781
3329 4478
3331 3406
3331 3570
3333 3867
3333 4320
3338 3657
3338 4574
3339 3352
3339 4057
3340 4190
3342 4095
3342 4693
3343 4020
3346 4285
3349 4858
3350 4778
3353 4186
3354 4436
3354 4559
3355 4618
3356 3652
3357 3415
3357 4578
3360 4335
3361 3979
3363 3894
3363 4209
3363 4553
3366 4665
3371 4877
3373 4269
3373 4391
3376 3709
3377 4126
3377 4472
3379 4063
3382 3420
3383 4503
3384 4265
3386 4829
3388 3942
3388 4210
3390 4738
3391 3927
3391 4253
3392 3883
3393 3817
3394 4409
3395 3434
3395 4896
3397 4344
3399 3691
3400 3894
3400 4088
3402 3691
3402 4605
3403 4631
3404 3468
3405 3574
3406 4794
3407 4087
3407 4740
3408 3571
3410 4369
3410 4543
3410 4730
3413 3790
3413 4443
3414 3970
3417 4886
3421 4637
3421 4705
3422 3887
3422 4098
3423 3588
3423 4582
3424 4587
3425 4456
3425 4727
3426 3712
3426 3833
3426 4415
3427 4113
3431 4825
3432 4183
3432 4285
3435 3822
3435 3959
3435 4115
3435 4702
3438 4903
3439 3530
3439 4849
3440 4020
3440 4456
3445 4574
3446 3761
3446 4287
3446 4618
3447 4132
3448 4606
3448 4712
3450 3822
3454 4575
3459 3685
3459 4108
3460 3633
3463 3650
3464 3705
3464 3859
3464 3911
3464 4479
3466 4359
3468 3877
3469 4505
3469 4751
3470 3556
3471 4494
3472 3633
3472 4023
3474 4539
3475 3960
3475 4040
3477 3900
3478 4075
3478 4854
3479 4662
3480 3908
3480 4023
3480 4898
3481 4244
3481 4483
3483 4106
3486 4061
3487 3709
3487 4259
3487 4469
3488 4819
3491 3842
3492 3904
3496 3997
3496 4432
3496 4533
3499 3518
3500 4230
3503 4294
3505 3969
3505 4741
3508 3820
3511 3880
3511 4022
3511 4939
3512 3886
3512 4084
3512 4144
3512 4886
3512 4914
3513 3975
3514 3642
3515 4713
3515 4734
3517 3832
3517 4315
3517 4664
3520 4314
3521 3775
3521 4472
3527 3993
3528 4707
3531 4106
3535 4829
3537 4685
3538 4238
3540 3564
3540 4671
3540 4725
3543 4339
3546 4835
3547 3643
3549 4443
3549 4655
3555 4744
3556 4590
3557 4695
3557 4782
3559 4696
3563 4717
3565 3769
3568 4053
3573 4633
3574 3575
3575 4735
3576 4840
3577 3814
3577 3871
3578 4030
3579 3725
3579 3950
3580 4434
3581 3729
3581 4726
3582 3821
3582 4463
3584 4389
3586 4039
3586 4220
3586 4484
3587 4527
3587 4745
3588 4514
3589 4017
3589 4356
3590 3784
3591 3642
3592 4341
3594 4325
3594 4921
3595 3897
3595 4483
3595 4809
3597 3734
3605 4810
3608 4057
3608 4109
3608 4444
3610 4435
3611 3852
3611 4898
3614 3799
3614 4783
3616 3742
3618 4787
3619 4565
3620 4498
3620 4545
3622 3787
3625 3944
3627 4598
3631 4328
3633 4108
3636 4003
3637 4280
3639 3973
3640 3900
3640 3905
3641 4133
3644 3810
3644 4515
3645 4737
3648 4602
3649 4269
3650 3985
3650 4730
3651 4055
3653 4884
3654 4451
3654 4881
3656 4510
3657 3816
3657 4931
3659 4325
3660 4221
3660 4226
3661 4079
3665 3721
3665 4535
3668 4714
3670 4891
3674 3951
3676 4598
3677 3877
3678 3949
3678 4526
3679 3961
3684 4582
3688 4161
3688 4919
3689 4569
3694 4216
3698 3832
3699 4665
3703 4743
3704 4094
3705 4134
3706 3886
3710 3867
3711 4173
3713 4613
3714 3816
3716 4047
3719 4474
3720 4085
3721 4889
3724 4492
3725 4041
3725 4901
3726 4160
3730 4890
3732 4268
3733 4210
3733 4637
3735 4716
3738 4303
3741 4812
3743 4526
3744 3786
3745 4650
3748 4733
3750 3950
3750 4710
3750 4792
3752 4844
3753 4831
3755 4904
3757 4236
3759 4796
3763 4221
3764 4414
3765 4888
3767 4009
3767 4688
3769 4689
3769 4784
3770 4213
3776 4135
3777 4740
3777 4805
3778 3990
3779 3929
3780 4613
3781 4378
3782 4296
3783 4886
3784 4766
3785 4021
3786 4243
3790 4417
3791 4529
3793 4475
3794 4778
3794 4807
3796 4344
3796 4750
3797 4680
3798 4759
3802 4795
3802 4799
3803 3972
3804 4068
3804 4303
3804 4644
3804 4752
3807 3956
3809 4839
3814 3847
3815 4150
3817 4194
3817 4222
3821 3936
3826 3887
3826 3946
3826 4571
3828 4053
3829 4252
3829 4717
3830 3980
3830 4581
3833 4011
3834 3866
3834 4252
3834 4338
3836 4511
3843 4176
3844 4765
3845 4289
3846 4073
3847 3889
3850 4106
3853 4115
3853 4639
3853 4774
3854 4691
3855 3972
3860 3976
3860 4170
3863 4861
3869 4778
3870 4279
3873 4730
3874 4113
3874 4875
3876 4079
3876 4624
3877 4531
3879 4055
3880 4586
3881 4660
3883 4500
3885 4646
3887 4628
3889 4015
3893 4714
3894 4506
3894 4795
3896 4170
3899 4068
3900 4100
3905 3906
3905 4827
3912 4604
3914 4565
3915 4000
3917 4464
3921 4578
3924 4047
3925 4106
3925 4379
3931 4177
3933 4073
3937 4696
3938 4125
3944 4046
3946 4693
3950 4472
3955 4722
3957 4681
3957 4772
3958 4831
3959 4152
3961 4670
3963 4571
3964 4422
3967 4118
3967 4600
3976 4556
3980 4217
3982 4721
3987 4440
3990 4441
3992 4277
3995 4503
3998 4444
4001 4482
4001 4629
4004 4353
4004 4358
4005 4626
4006 4013
4010 4043
4010 4264
4012 4048
4015 4532
4015 4693
4016 4290
4019 4234
4020 4515
4021 4306
4023 4918
4024 4712
4024 4744
4039 4142
4041 4247
4041 4835
4044 4413
4045 4917
4045 4929
4047 4629
4050 4598
4050 4624
4056 4149
4062 4161
4063 4546
4064 4499
4065 4687
4070 4791
4074 4607
4076 4676
4083 4166
4085 4265
4085 4875
4086 4344
4086 4789
4093 4664
4096 4733
4098 4242
4104 4644
4109 4597
4109 4812
4112 4336
4115 4116
4115 4308
4119 4906
4124 4711
4128 4620
4131 4721
4133 4615
4134 4558
4135 4371
4141 4409
4147 4884
4155 4505
4159 4213
4163 4669
4164 4830
4167 4459
4167 4786
4167 4903
4169 4182
4176 4777
4177 4204
4182 4364
4185 4636
4186 4294
4203 4548
4207 4270
4207 4295
4207 4912
4208 4298
4208 4573
4210 4458
4212 4703
4215 4385
4216 4852
4219 4469
4222 4225
4222 4445
4222 4572
4226 4241
4227 4439
4236 4885
4237 4362
4239 4781
4250 4699
4252 4932
4253 4644
4264 4871
4269 4446
4269 4598
4273 4486
4277 4531
4278 4740
4281 4492
4303 4651
4307 4470
4307 4702
4308 4354
4308 4595
4316 4894
4317 4456
4318 4453
4318 4806
4319 4629
4321 4841
4323 4388
4323 4519
4324 4900
4327 4749
4328 4553
4340 4553
4340 4798
4341 4804
4346 4874
4349 4938
4357 4597
4358 4820
4359 4490
4359 4723
4360 4509
4368 4796
4374 4710
4375 4575
4377 4395
4381 4643
4383 4629
4384 4721
4384 4916
4390 4609
4394 4590
4394 4855
4396 4539
4396 4633
4403 4641
4404 4444
4406 4580
4407 4820
4408 4420
4410 4802
4418 4588
4420 4487
4421 4716
4421 4885
4426 4613
4426 4800
4427 4799
4432 4770
4433 4722
4442 4468
4443 4897
4449 4651
4460 4682
4460 4852
4465 4595
4470 4796
4472 4847
4476 4786
4482 4487
4484 4701
4490 4556
4493 4878
4496 4756
4496 4924
4499 4762
4503 4677
4505 4796
4506 4929
4521 4528
4524 4635
4524 4686
4524 4883
4529 4905
4530 4723
4532 4895
4536 4844
4539 4708
4542 4739
4542 4863
4547 4915
4551 4703
4553 4822
4565 4643
4566 4756
4574 4705
4590 4761
4590 4823
4611 4618
4618 4890
4619 4813
4621 4790
4627 4910
4633 4919
4637 4759
4643 4821
4643 4879
4650 4698
4668 4837
4670 4883
4671 4811
4678 4790
4691 4847
4692 4855
4697 4893
4704 4712
4706 4880
4708 4842
4710 4872
4714 4818
4721 4928
4725 4756
4738 4878
4762 4932
4770 4783
4775 4850
4795 4829
4796 4939
4819 4830
4838 4869
4880 4912
