1 882
1 2338
2 1060
2 2008
2 4109
3 1832
3 4496
3 4808
4 809
4 1339
4 3313
4 4506
5 134
5 4132
6 1207
6 2150
6 3236
6 4482
7 1551
7 2388
7 2676
8 627
8 1011
8 2185
8 4420
9 2744
10 84
10 654
10 3600
10 4762
11 2411
11 3583
12 3532
12 4373
13 1255
13 3089
13 3680
13 4481
14 1151
14 2025
15 963
15 3191
16 1120
16 1464
16 3151
16 4312
17 1308
17 2724
17 3106
17 3780
17 4880
18 1378
18 1657
18 3922
18 4695
19 1202
19 1258
20 248
20 2961
20 4438
21 3519
21 3595
21 4850
22 540
22 643
22 2472
22 4248
24 3036
24 3306
24 3999
26 224
27 1524
27 1679
28 579
28 2455
29 1856
29 4077
30 1310
31 579
31 1507
32 116
32 2506
32 3998
33 1503
33 2275
33 3633
34 1601
34 2243
34 3476
34 3515
34 3534
35 1372
35 3254
35 4694
36 912
36 947
36 2837
36 3380
37 4657
38 4530
39 1420
39 2259
39 3337
39 3343
39 3737
42 1194
42 1388
42 2077
42 2555
43 598
43 2724
43 3429
43 3934
43 4699
44 2081
44 3208
44 3759
44 4382
45 2075
45 3093
45 3680
45 4241
45 4935
47 379
47 1588
48 83
48 1125
48 1376
48 1723
48 3665
49 832
49 1899
49 2727
49 4931
50 1866
50 3296
50 3772
50 3918
50 4694
51 1952
51 1984
51 4671
52 1351
52 3667
52 4638
53 1232
53 1625
54 1143
54 3695
55 1180
55 4166
55 4864
56 2299
56 2851
57 1281
57 3752
57 3882
57 4339
57 4453
58 340
58 3731
59 3685
59 4336
60 2229
60 4302
61 870
61 2787
61 3727
61 4184
62 2924
63 1257
63 1758
63 3644
63 4498
64 1268
64 1586
64 2293
64 2965
64 4515
67 1870
67 2997
69 1876
69 3312
70 1437
70 2404
70 3983
70 4808
71 1762
71 4475
73 466
73 858
73 1725
73 4750
75 1424
75 1943
75 2131
75 2727
75 3568
75 4897
78 170
78 324
78 707
78 985
78 1074
78 1722
78 2395
78 2548
78 3022
78 4779
78 4797
79 1890
81 1172
81 1527
81 2398
81 3513
81 4157
82 2616
82 3206
82 4387
83 2024
84 2413
84 4916
85 383
85 3025
86 1176
87 1837
87 2654
88 1110
88 1821
88 3227
89 1593
89 3342
89 3714
89 4379
91 324
91 3020
91 4010
92 1539
92 2049
92 2585
92 4373
93 1186
93 2652
93 2907
93 3524
93 3573
93 4086
94 3062
94 3307
94 4858
95 2659
95 4026
95 4342
96 411
96 1020
96 1933
97 571
97 1146
97 3531
97 4636
97 4867
98 859
98 1935
98 3031
99 766
99 2462
99 2609
99 2696
99 4011
99 4373
100 271
100 779
100 3446
100 3699
101 4345
103 574
103 1505
103 1757
103 2815
104 2118
104 3929
105 3671
105 3772
105 4055
106 181
106 1114
106 1293
106 2236
106 3099
107 728
108 852
108 2095
108 2679
109 1671
109 2797
109 3640
110 964
111 2209
112 735
112 1268
112 1724
112 1821
112 4468
113 1147
113 1536
114 249
114 1013
114 1942
114 2065
114 2147
114 4899
115 131
115 3517
116 969
116 4358
117 841
117 1746
118 338
118 556
119 914
121 4344
122 322
122 2035
122 4469
124 2827
125 1982
125 2340
126 2108
126 2132
127 3188
127 4168
127 4810
128 2256
128 3199
128 3404
130 3044
130 3380
131 3068
131 3623
132 826
132 2083
133 2081
133 4397
134 462
134 946
134 2634
135 298
135 2680
136 2721
136 3118
136 3988
136 4109
136 4251
137 869
137 1015
137 1789
138 417
138 2038
138 2151
138 2836
140 2395
140 4166
141 825
141 1183
141 4811
142 606
142 1023
142 3062
143 548
143 4815
144 2484
144 4397
145 1253
145 3741
145 3963
145 4138
145 4313
146 826
146 923
146 3959
147 846
147 1691
147 3960
148 2038
148 3841
148 4100
149 1166
149 1873
150 159
150 174
150 1863
150 2247
150 2599
151 817
151 1058
151 1074
151 1116
152 660
152 936
152 4250
153 2797
154 1792
154 3717
155 1342
155 1486
155 1620
155 2908
155 4522
156 187
156 1488
156 1491
156 2874
156 3825
156 3921
157 1081
157 1394
157 1400
157 1861
157 3528
159 802
160 595
160 2707
161 431
161 864
161 1446
161 4268
162 1051
162 1537
162 3184
162 3278
162 3625
162 4922
163 1044
163 4593
164 2322
164 4880
165 2576
165 4516
166 235
167 603
167 2876
167 3809
168 1783
168 3223
168 3671
169 648
169 669
169 1337
169 4380
170 814
170 2829
170 3853
171 3656
171 4524
172 2506
172 3145
174 1956
174 2076
175 2014
175 2843
176 1116
176 1449
176 3014
177 1365
178 1353
178 3000
179 567
179 4814
181 1634
181 1785
181 2772
182 2458
182 2500
182 2710
183 473
183 1234
183 3372
183 3977
184 386
184 1921
184 4215
185 1024
186 621
186 964
186 2915
186 3583
187 829
187 4246
188 1548
190 493
190 1182
190 2796
192 1991
192 2201
192 3360
192 4903
193 1031
193 1728
193 1784
193 3819
194 1501
194 1640
195 2800
196 3420
196 3745
197 1461
197 1847
197 2310
197 2674
197 4071
198 2611
199 1753
199 1756
199 2822
199 3552
200 782
200 1277
200 3316
201 1007
201 1603
201 2208
201 2254
201 3133
204 528
204 885
204 1782
204 1923
204 2331
204 4444
206 322
206 1711
206 1743
206 2888
206 3425
207 2021
207 2715
207 4855
208 1231
208 4466
209 1664
210 450
210 2603
210 3139
211 1697
211 1965
211 3307
211 3362
212 539
212 2728
213 656
216 1975
216 4424
216 4473
216 4517
217 255
217 483
217 2207
217 3909
218 450
218 2547
218 2867
218 3685
218 3944
219 3029
221 1422
221 2332
221 2602
221 3241
221 4347
222 1832
222 2715
223 1253
223 2191
224 288
225 259
225 428
225 1822
225 2213
226 230
226 628
226 4717
226 4863
227 841
227 1761
227 2675
227 3413
228 3812
229 962
229 1406
229 1451
229 2055
229 3640
230 684
232 769
232 1123
232 2693
232 3860
232 4632
233 1322
233 2372
233 2959
233 3887
233 4386
233 4923
234 3966
235 3857
236 2138
236 4302
237 2905
237 3803
238 1812
238 1836
238 2191
239 2649
239 4006
240 347
240 1541
240 4310
242 1849
242 3517
243 467
243 1392
243 1791
243 3298
243 4054
244 306
244 349
244 988
244 2394
244 2586
244 4519
245 370
245 858
245 1958
245 3330
247 2615
247 3503
248 1563
248 3263
249 2276
249 2716
250 3839
251 1367
253 493
254 1140
254 1267
255 706
255 722
255 2969
255 3915
256 2353
257 1730
257 3132
257 3201
257 4490
258 1017
260 1210
261 289
261 1011
261 3769
261 4774
261 4870
262 2308
262 3857
263 464
263 2143
263 2643
263 3849
264 2654
265 282
265 382
265 2003
266 1053
266 3810
266 4294
267 1549
268 2547
268 4233
268 4901
269 873
269 1827
269 4009
270 2916
270 3317
271 1591
272 3827
273 3491
274 1893
274 3625
274 3951
274 4127
274 4756
275 1009
275 1582
275 2764
276 736
278 640
278 3165
278 3267
278 4223
278 4426
278 4828
279 1661
279 2529
279 3989
280 1954
280 2568
281 3480
281 4339
281 4795
282 1920
282 3012
282 4114
282 4860
283 304
283 3788
283 3834
283 4769
284 370
285 1211
285 3139
286 969
286 3740
287 918
288 1721
289 1289
289 4475
291 383
291 1243
292 2053
292 2652
292 4724
293 520
293 554
293 1187
293 1722
293 2558
293 3102
294 1914
294 4471
295 740
295 758
295 1999
295 3261
296 3031
296 3480
296 4801
296 4806
297 2518
297 3013
297 3072
297 3779
297 4645
298 2338
298 4193
298 4271
300 1183
300 4896
301 2547
302 3418
302 3444
302 3469
302 3678
302 4111
303 2621
303 4001
304 740
304 1261
304 2867
304 3530
304 3643
304 4195
305 1198
305 1325
305 4839
307 610
307 2829
307 3965
308 709
308 2332
309 3762
310 957
310 2445
310 4747
310 4805
312 1637
312 3414
313 1881
313 2068
313 3541
313 4546
314 757
314 4404
316 538
316 3046
316 4691
317 2917
317 2920
317 3200
318 1532
318 1918
318 3110
319 801
319 1856
319 2891
320 2865
320 3730
321 2909
322 3856
322 4199
323 381
324 1526
324 1767
326 4457
327 4093
327 4699
328 1417
328 3631
329 1194
329 1333
329 1953
329 2756
329 3055
329 3867
330 1131
330 3972
330 4191
331 2648
331 4433
332 2651
332 2688
333 2727
334 1716
335 2255
335 4900
336 3452
337 730
337 3254
337 4879
338 2386
338 2801
338 3129
338 3383
339 4394
340 613
340 1109
340 1652
340 3175
340 3537
341 789
341 1520
341 3886
342 758
342 2298
342 3615
343 1109
343 3838
343 4330
344 2275
344 2445
344 3269
344 3295
344 3739
344 4583
345 430
346 846
346 1019
346 4763
347 2123
347 2233
347 2358
348 4200
349 896
349 2570
349 3918
350 1493
350 1721
351 899
351 961
352 4365
352 4731
353 1448
354 2482
354 4128
355 1317
355 2553
355 3664
355 4299
356 1870
356 3993
356 4134
357 2147
357 4444
358 2719
358 4209
359 520
359 2864
359 3669
361 2935
362 1392
363 990
364 1875
364 2959
364 3368
365 3235
366 3605
367 2578
367 3574
367 3975
368 913
368 1104
369 1548
369 2105
369 2857
371 2401
371 4574
371 4904
372 1249
372 3202
372 4171
372 4509
373 1363
373 2271
373 3057
373 3462
373 4435
373 4479
374 3123
374 3384
374 3869
374 3906
375 1542
375 1957
375 4569
375 4906
376 2247
376 3666
376 3758
377 1384
377 2684
377 2823
378 2055
378 3878
379 1457
379 3154
379 3351
380 752
380 909
380 2122
380 4074
381 1363
381 3392
382 576
382 1697
382 4531
383 541
384 1045
385 2536
385 3638
386 538
387 2132
387 2863
387 4634
388 1092
388 2466
389 2919
389 3416
389 3912
390 1902
391 808
391 2468
391 4457
392 3055
392 3750
392 4209
393 4702
394 1077
394 1930
394 1934
394 2458
394 2738
394 3350
395 1045
396 1093
396 2926
396 3518
396 3625
396 4722
397 419
398 705
399 3539
399 4040
399 4095
400 544
400 2367
400 3803
400 3913
401 626
401 997
401 4260
401 4279
402 1759
402 3955
403 1198
403 2149
403 3899
403 4065
404 1514
404 2188
404 2550
404 4083
405 980
405 1084
405 3194
405 3694
405 4535
406 1556
406 3035
406 3058
408 1315
408 4931
409 4348
410 2026
410 2504
411 1285
411 1533
411 2818
411 4790
412 3560
412 4213
413 1086
413 1817
413 2178
413 2443
413 2527
413 4496
414 2572
414 4838
416 3444
416 3849
417 1169
417 1913
417 2838
417 2866
417 3042
417 3587
418 1298
418 3229
419 790
419 1528
419 1818
420 1002
420 1765
420 2762
421 1718
421 1834
421 4437
422 1798
423 701
423 875
423 1884
423 2823
423 2848
423 4501
424 1238
424 1892
425 3560
426 1592
427 1535
427 3618
427 4702
428 2831
429 515
429 1337
429 2119
429 3240
430 785
430 2615
430 3618
430 4823
431 748
431 891
431 1778
431 3075
432 1544
432 2504
432 3267
432 3559
433 610
433 4564
433 4676
434 967
434 2123
434 2251
434 2411
434 2424
434 2485
434 3609
434 3864
434 4580
435 1010
435 1375
435 1464
435 3703
435 3784
435 4746
436 2020
436 2025
436 2549
437 1161
437 2837
437 3477
437 3852
438 647
439 815
439 1504
440 1347
440 2806
440 3196
440 3243
440 3401
441 4505
442 754
442 990
442 2794
443 483
444 738
444 2100
444 3987
445 1824
445 2317
445 2686
445 2858
445 3945
445 4681
445 4863
446 2571
446 3560
448 1261
448 1509
449 1977
450 1836
451 1879
452 1405
452 3322
452 3514
453 992
453 1063
453 4037
453 4420
454 2512
454 3983
455 955
455 1033
455 1165
455 2389
455 3221
455 3841
456 563
456 1588
457 995
457 1704
458 1152
458 1643
458 1920
459 619
459 3665
459 4496
460 1850
460 3788
460 4569
460 4789
461 2906
461 4184
461 4276
462 471
462 2861
462 3440
463 4339
464 1195
464 1506
464 2937
464 3379
464 3643
465 2165
465 2288
465 2434
466 1418
466 4183
466 4659
467 1409
467 2243
467 3016
467 3027
467 4419
468 2573
468 3055
468 4939
469 2620
469 4548
470 1737
470 4493
471 1702
471 2176
471 2260
472 1022
472 2240
473 840
473 3205
473 4496
473 4597
474 3513
475 1519
475 1604
475 2482
476 1817
476 3644
477 817
477 2716
478 852
478 1847
478 3481
478 4415
478 4731
479 1898
479 2166
480 2256
480 3047
480 4490
481 817
481 925
481 2467
481 2559
481 3794
481 4734
482 638
482 824
482 2447
482 4884
483 3122
484 3221
485 3606
486 2048
486 3173
486 4230
486 4392
486 4553
487 2524
487 4841
487 4886
488 600
488 1012
488 1698
488 2864
488 4910
490 1896
491 2597
492 2479
493 1199
493 2817
494 1279
494 2505
494 2583
495 1586
495 1846
495 3673
496 626
496 1820
496 2102
496 2326
496 4454
496 4494
497 2653
498 515
498 3260
498 3825
499 3202
499 3665
499 4772
500 519
500 1766
500 3030
500 3304
501 862
501 1151
501 2190
501 3571
502 1577
502 2609
503 1807
503 2088
504 1429
504 3158
504 4758
505 716
505 1526
506 1556
506 3149
506 3832
507 1396
507 2257
507 2554
507 4270
507 4760
508 843
508 1396
508 1943
508 3731
508 4144
509 2764
509 4276
509 4741
510 2946
510 4867
511 1612
511 4258
512 1202
512 4831
513 2955
513 4372
514 3270
515 3423
515 4057
515 4490
516 1855
516 3488
517 719
517 1397
517 3002
517 3534
519 2172
519 2634
520 1056
520 1427
520 1918
521 2015
521 2272
521 3569
522 550
522 2591
523 4185
524 587
524 1278
524 2226
524 3748
524 3779
524 4098
526 1313
526 1544
527 703
527 2126
527 4046
528 771
528 1090
528 2863
530 2033
530 4836
531 4648
532 1272
532 1305
533 4035
534 2602
534 3053
534 3538
534 4341
535 3003
535 4040
536 3869
537 2564
537 3188
537 4568
538 584
538 3224
539 1033
539 2275
540 1489
540 3623
540 4144
541 1884
541 2472
541 3904
542 3728
543 1397
544 1580
544 4709
545 1131
545 3911
545 4384
547 866
547 3418
548 1834
548 3850
548 3851
548 4381
549 740
549 1108
549 2779
549 3342
549 4809
550 1303
550 1899
551 2040
551 2500
551 4085
552 930
552 3216
554 977
554 1481
554 1670
555 3259
555 3826
556 833
556 2352
556 4287
557 596
557 884
557 1302
557 2996
557 4394
558 863
558 3271
558 3823
560 1037
560 1875
560 2471
560 2958
560 3395
560 4110
562 861
562 1549
562 1727
562 2574
562 3658
562 4768
562 4905
563 1086
563 1389
563 4202
564 3158
564 4485
565 2996
566 1152
566 3298
566 3663
566 3942
567 612
567 1868
567 2830
568 1771
569 1228
569 2314
569 3090
569 4109
570 608
570 2510
570 3611
570 4127
570 4858
571 744
571 1095
571 4285
572 976
572 2965
572 2994
573 2109
573 3226
574 1119
574 1587
574 3369
574 4293
575 1449
575 1665
576 1188
576 3325
577 1138
577 3683
578 1678
578 3396
578 4827
579 2111
579 2315
580 2829
580 3188
580 3961
581 748
581 3623
582 1193
582 3628
583 2606
583 3659
584 1227
584 2963
585 3024
585 3508
586 927
586 3443
587 663
587 2134
587 4228
587 4390
588 1554
588 3462
588 3920
588 4600
588 4891
589 1055
589 1363
589 2242
589 2850
589 4084
589 4580
589 4849
590 1376
590 1762
590 1787
591 942
591 2120
591 2663
591 4777
592 680
592 744
592 2900
594 1024
595 1622
595 2922
595 3495
596 970
598 2483
598 2812
598 3133
599 4320
600 3253
600 4748
601 4406
602 1635
602 4004
602 4506
602 4848
603 2782
603 3893
604 800
604 2987
604 3167
604 3352
604 3748
606 1494
606 3859
607 2674
607 4502
608 1135
608 4661
608 4939
609 712
609 1735
610 1667
610 1750
610 4032
611 3717
612 1654
612 2877
613 2645
614 770
615 3979
616 1106
616 3632
617 823
617 1502
617 3103
618 736
618 3845
618 3959
619 875
619 1464
619 4098
620 1239
620 2122
620 4553
622 3429
623 4548
624 4907
625 1693
625 4639
626 1435
626 1475
627 1775
627 3304
627 3499
628 3701
629 2884
629 2975
630 2836
631 638
633 1101
634 2198
636 2073
636 2098
637 1128
637 4412
638 1158
638 4239
640 2526
641 717
641 4317
642 2105
642 3850
643 2272
643 2395
645 3508
645 4317
647 2243
647 2715
648 887
648 2359
648 3973
649 1816
650 3500
650 3757
651 2176
651 2660
651 4812
652 4048
652 4161
652 4210
653 1613
653 3028
653 4846
654 2430
654 3524
655 3190
656 1924
656 4611
657 715
657 2177
657 3019
658 2263
658 3207
659 2439
659 3226
659 3846
660 1188
660 1690
660 2455
660 3449
660 3836
661 741
661 1354
661 3037
662 2902
662 4703
663 1673
663 1791
663 2200
663 3267
664 1524
664 2835
665 2405
665 4119
666 3713
666 4070
667 3420
667 4753
668 856
668 4537
669 2326
670 2459
670 4022
670 4630
671 3080
672 1542
672 2900
672 4701
673 793
673 2545
675 3418
675 4721
676 721
676 1051
676 4151
677 2222
677 3715
677 4820
678 2488
678 4423
679 1888
679 4248
679 4645
679 4933
680 2329
680 2649
680 3371
680 4289
680 4777
681 1423
681 2022
681 3213
681 4184
682 3625
682 4530
683 1102
683 3289
684 1125
685 3534
686 2153
686 3027
686 3984
686 4233
687 1272
687 4092
687 4152
688 3817
689 1630
689 1749
690 2540
690 3339
690 4388
691 3162
692 736
692 1031
692 1602
692 3277
693 1097
693 1751
693 4200
694 1064
694 3258
694 4009
695 1022
696 983
696 2297
696 2490
696 2663
696 2777
696 3095
696 3435
696 3571
696 4391
697 1479
697 3055
697 3507
697 4360
698 1927
698 2549
698 3043
698 3181
698 3193
698 4887
699 1794
700 708
700 1506
700 2138
700 3037
701 1689
702 1257
702 1888
702 2583
702 3398
702 3928
703 1534
704 736
704 3393
704 4450
705 1543
705 4155
705 4542
706 734
706 827
706 3339
706 3798
708 1032
708 1161
708 3740
708 3921
708 3932
709 1422
709 3034
711 3548
711 4483
712 1710
712 3451
713 3311
714 2201
715 2981
715 3053
715 4491
716 4170
718 1051
719 1563
719 4075
720 2329
720 3114
720 3231
721 996
721 3097
721 3513
721 4792
723 1130
723 2303
723 3026
723 3595
723 3913
724 1690
724 1847
724 3363
724 3798
725 4779
726 2149
726 3580
727 2203
727 4070
727 4539
728 2112
728 3477
728 3981
728 4304
729 2236
730 1758
730 2119
730 2214
731 1557
731 4883
732 774
732 2068
732 3040
733 1472
733 2699
733 3093
734 2365
734 4259
735 3855
736 1498
736 2211
737 1406
738 1279
739 3840
739 4915
740 1030
740 3581
740 4422
741 3241
741 3257
741 3691
742 1674
742 2516
743 1334
743 2760
743 2894
743 4325
744 947
744 3769
744 4761
745 1084
745 1094
745 3126
745 4710
746 828
747 1029
748 2224
749 756
749 1695
749 1957
749 2672
749 3421
749 4229
749 4607
750 1572
750 2898
750 2976
751 2828
751 4173
752 1388
752 2603
752 2920
752 3043
753 1169
753 2345
754 1280
754 1427
754 4278
755 800
755 2704
755 3028
757 1436
757 2349
758 1415
758 1887
758 4078
758 4172
758 4318
759 1597
759 2681
761 1624
761 4235
761 4524
762 1251
763 1119
763 1188
763 3107
764 2900
764 3096
765 1370
765 4119
766 3188
767 1290
767 2168
767 4226
767 4490
769 4473
770 4715
771 4094
772 3866
773 2142
773 3189
773 3405
773 3843
773 3907
773 4335
774 1624
774 2328
774 2362
774 2801
774 2807
774 3989
774 4209
774 4575
774 4915
775 2980
775 4471
775 4773
776 827
776 1667
776 1959
777 983
777 1829
777 2237
777 4432
778 1327
778 2771
778 3572
779 1029
779 1310
779 3491
780 4238
781 1579
781 2692
781 4036
781 4270
781 4335
782 2187
782 4834
783 2225
783 2973
783 3086
783 4137
784 4665
784 4820
785 2457
789 1105
789 3252
789 3620
790 3950
790 4106
790 4578
791 2209
792 2375
792 4158
793 4235
793 4378
794 976
794 1032
794 1157
794 1426
794 3170
794 4479
797 1884
797 2227
797 3490
797 4205
798 1380
799 1105
799 3263
800 1642
800 1923
800 2669
800 3184
800 4495
801 1437
801 1459
803 3793
803 3941
804 863
804 2202
804 2377
804 4131
804 4424
805 1007
806 4765
808 1263
808 4528
810 2031
810 2129
810 2973
810 3592
811 1978
812 1090
812 1486
812 3348
813 2221
814 1327
814 2011
814 4427
815 1826
815 2835
815 3370
816 2556
817 1524
817 1999
818 3488
819 1125
819 2441
819 3960
819 4434
820 909
820 1356
820 3401
821 3616
823 1345
823 3112
825 1479
825 2723
825 4814
826 3078
827 4276
828 1704
828 4522
829 2138
829 2865
829 4521
830 1288
830 4085
830 4552
830 4756
831 1229
832 1544
833 4882
834 4811
835 4853
836 2067
836 4859
837 1357
837 3368
837 3934
838 1504
838 3785
841 1398
842 4664
843 1434
843 4556
844 1050
844 3619
846 1818
846 3154
847 3621
848 1618
848 2034
850 2156
851 2774
851 3560
851 4699
852 3804
852 4072
853 2819
853 4935
854 1009
854 4529
855 1079
855 1141
855 1250
856 3614
857 1242
857 4673
858 1108
858 1250
858 2591
859 4327
861 2552
861 2700
861 2895
861 3830
861 4733
862 920
862 2216
862 2820
863 1699
863 3987
863 4702
864 2489
864 2667
865 2916
866 1640
866 2143
866 2257
866 4824
868 1037
868 2527
869 1519
870 3771
871 1223
871 1493
871 2193
871 4048
872 1874
872 4267
873 2192
874 3176
874 4920
875 1720
875 3405
875 3680
875 4902
876 4827
878 1116
878 1598
878 3430
879 2297
879 2437
880 4298
881 4658
882 886
882 908
882 1984
882 2811
882 4177
884 1405
884 2230
884 3997
884 4532
885 1954
885 3997
886 899
886 4713
887 896
887 2113
887 3229
887 3724
888 2262
888 2902
888 4405
889 2045
889 4645
890 971
890 1857
890 3998
891 4130
892 1003
892 1417
892 2317
892 4116
892 4858
893 4929
894 947
894 2427
894 2497
894 4125
895 3071
896 2733
896 4001
897 4712
898 2809
898 3126
898 3359
899 4376
900 1217
900 3833
901 2447
901 2659
902 1162
902 1493
903 2341
904 2884
904 3791
904 3915
907 1626
907 2662
907 3187
908 1342
909 1335
909 2043
909 2101
910 1030
910 3617
911 1304
911 1329
911 2120
911 4242
912 4856
912 4874
913 957
913 3657
913 4569
914 3732
915 4288
916 3404
917 3876
917 4474
918 2799
918 3169
918 3221
918 3616
919 1048
919 1068
920 944
920 2110
920 3857
921 3228
921 4174
921 4383
921 4707
922 2345
922 3076
923 2422
924 1088
924 1915
925 3736
925 3881
926 3363
926 4159
927 3772
927 4465
928 1254
928 2780
928 3029
928 4407
930 1514
930 2212
930 2750
931 1088
931 4585
931 4591
932 4737
932 4920
933 4532
934 1867
934 2034
934 2143
934 3105
936 1050
936 3267
939 1529
939 2151
939 4780
939 4916
940 2545
940 4143
940 4864
942 2341
942 3608
943 4351
943 4761
944 3600
945 2373
946 2120
946 2258
946 2605
946 3221
947 975
947 1090
948 3844
949 1532
950 2615
950 2736
951 3137
952 1652
953 1049
953 2264
953 2424
954 2703
954 3134
954 3479
956 2439
956 3498
956 4848
957 983
957 4708
958 1201
958 3055
959 1954
960 2532
960 4109
961 994
961 1505
961 3123
961 3894
963 4854
964 1266
964 2710
964 3421
965 1874
965 4411
966 2280
967 3763
968 1275
968 3332
969 2720
969 3515
970 2095
970 3338
970 4699
971 4558
972 2390
972 2774
972 3620
972 3854
974 1015
974 1652
974 2594
974 2842
975 1540
975 3709
976 1483
976 1770
976 2019
976 4211
976 4685
977 3369
979 1689
979 2979
979 3739
979 4309
980 2605
980 3307
980 4049
980 4478
982 1711
982 3665
983 1829
983 1992
983 3279
984 1189
984 3910
985 2978
986 1232
986 3730
986 4018
986 4674
988 3262
990 3362
990 3648
991 1106
991 4869
992 2555
993 2189
993 3054
993 3293
994 1287
994 2413
994 4620
995 1777
995 3698
995 4162
996 1895
996 2692
998 1514
998 2005
998 4741
999 2252
999 4133
1002 4115
1002 4786
1003 1259
1003 2203
1003 2917
1003 4360
1003 4435
1004 2878
1004 3413
1005 4691
1006 1237
1006 1826
1006 2593
1006 2936
1006 2968
1006 3273
1007 1158
1007 1265
1007 1956
1007 2605
1007 3570
1007 3803
1007 4330
1007 4475
1007 4832
1008 1969
1008 2887
1008 3411
1009 3443
1011 1668
1011 2243
1011 3458
1012 1438
1012 2449
1012 3231
1012 3464
1012 4029
1013 1603
1013 2681
1013 4304
1013 4611
1014 3129
1014 3769
1015 2486
1015 3499
1016 1573
1016 2414
1016 2602
1016 3098
1017 1149
1017 1734
1018 1631
1018 2779
1018 3405
1019 3335
1019 4087
1019 4685
1021 1443
1021 2089
1021 2912
1021 3546
1021 3969
1024 3867
1024 4285
1025 1392
1025 2777
1025 3062
1025 3926
1025 4914
1026 1081
1026 2249
1027 1074
1027 1273
1027 2465
1027 3035
1028 2682
1028 2968
1028 4845
1029 1135
1029 3490
1030 1841
1030 3190
1031 2360
1031 2764
1031 3269
1031 3402
1032 2366
1032 3687
1032 4333
1032 4406
1033 1825
1033 3016
1033 4325
1036 2800
1036 4063
1037 3273
1038 3201
1038 3536
1038 4195
1038 4816
1039 4106
1039 4733
1040 1706
1042 1078
1042 1252
1042 3068
1044 1322
1044 2233
1044 2460
1045 3616
1046 1388
1046 2526
1046 2716
1046 3670
1047 1836
1047 3421
1048 3457
1048 3520
1048 4101
1048 4214
1049 1295
1049 1709
1049 2124
1049 2352
1049 2618
1049 3549
1049 4217
1050 4166
1050 4783
1051 3382
1052 1411
1052 3208
1053 2034
1053 3273
1053 3380
1053 3838
1053 4240
1054 1067
1054 1826
1056 1527
1056 2548
1056 2589
1056 2685
1056 2865
1056 4616
1056 4688
1057 1642
1057 1726
1057 3920
1057 4017
1057 4280
1057 4570
1058 4082
1059 1409
1059 1658
1060 2158
1061 2626
1061 3611
1061 3968
1061 4223
1062 1457
1062 3790
1063 1386
1063 4389
1064 3517
1064 3606
1064 4168
1065 1139
1065 1274
1066 1125
1067 3869
1068 2808
1068 3466
1068 4239
1069 1787
1070 1451
1070 2704
1070 3169
1070 4909
1071 4084
1071 4273
1072 4357
1073 4917
1074 4338
1075 1210
1075 2705
1075 3471
1075 4702
1076 2839
1076 3160
1077 1412
1077 1444
1078 1350
1078 1899
1078 2530
1078 3498
1079 2308
1079 3191
1079 4617
1081 1932
1081 2643
1081 3414
1081 3732
1081 4029
1082 1329
1082 1402
1082 3165
1082 3658
1082 4256
1083 1493
1083 1773
1083 1950
1083 2402
1083 2794
1083 4717
1084 2627
1084 3566
1084 3612
1084 4291
1084 4490
1086 2764
1086 4848
1087 2227
1087 3116
1088 1463
1088 1757
1088 2648
1088 4937
1089 4585
1090 2050
1092 1457
1092 3015
1093 3571
1093 3647
1094 3545
1094 4228
1095 1306
1095 1476
1095 2556
1095 4460
1095 4702
1096 2002
1096 3850
1097 1763
1097 4737
1098 2486
1099 1168
1099 1807
1099 2371
1099 3825
1100 1530
1100 3036
1101 2949
1101 3565
1101 4131
1101 4872
1102 1860
1102 1891
1102 3713
1103 3064
1103 3683
1103 3704
1104 1958
1104 2818
1104 3771
1105 1987
1105 2706
1105 3769
1105 4890
1106 1628
1106 4233
1106 4896
1107 2228
1107 4443
1108 2912
1108 4314
1109 2526
1109 3411
1109 3639
1109 4086
1109 4163
1110 2179
1110 2527
1110 4851
1112 3844
1113 3972
1114 2099
1114 3183
1116 1896
1116 3134
1116 3474
1117 1849
1118 1844
1119 1948
1119 2173
1119 3085
1120 3422
1121 4610
1123 3974
1124 3093
1124 3646
1125 3048
1125 3617
1126 1609
1126 1914
1126 4507
1126 4547
1127 1279
1127 1695
1127 1994
1127 2197
1127 3008
1127 3049
1127 4058
1127 4477
1128 4891
1129 2170
1129 2447
1129 3183
1129 4292
1130 1280
1130 3160
1131 1447
1131 4505
1132 1453
1132 4019
1134 2353
1135 1230
1135 1328
1135 2904
1136 2852
1136 2989
1136 3390
1137 1783
1137 2534
1139 1926
1139 4303
1140 2146
1141 3367
1141 4747
1142 2062
1142 3920
1142 4319
1143 4431
1144 2836
1144 2924
1144 4543
1145 3037
1145 4235
1146 1242
1147 2084
1148 1358
1148 1756
1148 3684
1148 4113
1149 3367
1150 3177
1150 4647
1150 4784
1151 3730
1152 3223
1152 3630
1152 4007
1153 1702
1153 2159
1154 3042
1155 3403
1155 3789
1156 2735
1156 4891
1157 3039
1158 2087
1158 2336
1158 4516
1159 3711
1159 4087
1160 1546
1160 3381
1160 3505
1160 3665
1161 1897
1161 3688
1162 3545
1164 2251
1165 1188
1165 1543
1165 1653
1165 3894
1165 4159
1166 1850
1166 3438
1167 4934
1168 1629
1168 2275
1168 2955
1168 4835
1169 1473
1169 2347
1169 2816
1169 3922
1169 4488
1170 1558
1170 3002
1171 1634
1171 3018
1171 3288
1171 4735
1172 3014
1172 3893
1173 2163
1173 2718
1173 2967
1173 3163
1174 2028
1175 1572
1175 2033
1175 3683
1176 2100
1177 3666
1179 1890
1179 2998
1179 3271
1180 1711
1180 2664
1181 3235
1181 4470
1182 3236
1182 3807
1182 4940
1183 3905
1184 1599
1184 3367
1185 2699
1186 2922
1186 2976
1187 1998
1187 2817
1189 4350
1190 2123
1190 2631
1190 4077
1191 2851
1191 3034
1191 3938
1192 2907
1192 4770
1193 2899
1193 3579
1193 4054
1194 1718
1194 2454
1194 3343
1194 4015
1194 4287
1194 4659
1195 1771
1196 2252
1196 4702
1197 1906
1197 3656
1198 3564
1199 2668
1201 3390
1201 3563
1201 4627
1202 2484
1203 4337
1204 1564
1204 3376
1204 3430
1204 4287
1206 2569
1208 1780
1210 3447
1212 2348
1212 4371
1212 4497
1213 3196
1213 4338
1214 1553
1214 2390
1214 3854
1214 3873
1214 4076
1214 4242
1215 2660
1215 3134
1215 3516
1215 3719
1215 3724
1216 3674
1216 4100
1216 4121
1217 3391
1217 3393
1217 3673
1217 4135
1218 4680
1219 1447
1219 2985
1220 3212
1220 4139
1222 3984
1223 1982
1224 1976
1225 1589
1225 1718
1225 2687
1225 3536
1226 1409
1226 3396
1227 2018
1227 2250
1228 3496
1228 4325
1229 2480
1229 3142
1229 4274
1230 1324
1230 2238
1230 3085
1230 3620
1231 1997
1231 2486
1231 4018
1231 4542
1232 3021
1233 4530
1234 3673
1234 4375
1235 2940
1235 3433
1236 1477
1236 1636
1236 2425
1237 3166
1237 4561
1237 4826
1238 2077
1238 2246
1238 2270
1238 2747
1238 4584
1239 1343
1239 2704
1239 3636
1241 2660
1241 2851
1241 3629
1242 1979
1242 4818
1243 2733
1243 3468
1244 2328
1244 3511
1245 1600
1246 1654
1246 4102
1247 3475
1247 4451
1248 1937
1248 2487
1248 2671
1248 3649
1249 3622
1249 3777
1250 2411
1250 3730
1251 3817
1252 1473
1252 3324
1252 4857
1252 4885
1253 3072
1254 4285
1254 4870
1255 4327
1260 1931
1260 3573
1260 4739
1260 4774
1261 1267
1261 1963
1261 2618
1261 2957
1261 3668
1261 4474
1262 1692
1262 2545
1263 1800
1264 1335
1265 2478
1265 3514
1266 2487
1266 3678
1266 4200
1268 2458
1268 4917
1269 1667
1269 2208
1270 1336
1270 2283
1270 2638
1270 3243
1270 4849
1272 3827
1272 4245
1272 4311
1274 4292
1275 1457
1275 3528
1275 4010
1276 2188
1276 3215
1276 4878
1277 1426
1277 1608
1277 2204
1277 2909
1278 1844
1278 4591
1279 1615
1279 2533
1279 3369
1279 4278
1280 1593
1280 2247
1280 4003
1281 2715
1282 2430
1283 3380
1283 3812
1283 4659
1284 1530
1284 1728
1284 3249
1285 2664
1285 4520
1285 4927
1286 2925
1286 3261
1286 3905
1288 3003
1288 3568
1288 4036
1289 1815
1289 2274
1290 3335
1291 3009
1291 3829
1293 3311
1294 4612
1295 4912
1296 1504
1296 3287
1296 4420
1297 3369
1298 1397
1298 1445
1298 2109
1298 3972
1298 4632
1299 1686
1299 1977
1299 3460
1299 4235
1300 2490
1300 2589
1301 2681
1301 3228
1301 3257
1302 1563
1302 2311
1302 2528
1302 3208
1302 4101
1303 4131
1304 2438
1305 1744
1305 4316
1306 1615
1306 2963
1306 4434
1306 4471
1307 2281
1307 3274
1307 3690
1307 3703
1308 2222
1308 2291
1308 3173
1308 4416
1309 3372
1310 2108
1311 1653
1311 1686
1312 1329
1313 1408
1313 1729
1313 1832
1313 2728
1314 1444
1314 1997
1314 3762
1314 4036
1314 4111
1314 4599
1315 1938
1315 3524
1316 4543
1316 4656
1317 1641
1317 3607
1317 4554
1318 3841
1319 2340
1320 1988
1320 2106
1320 2872
1321 1620
1321 1991
1321 3666
1321 3725
1322 1383
1322 1879
1322 3255
1322 4240
1322 4298
1323 1769
1323 1837
1323 2599
1323 3081
1323 4533
1324 1388
1324 2522
1325 1941
1325 2736
1326 3769
1327 1631
1327 2501
1327 3673
1328 1655
1328 3090
1329 2483
1329 3188
1329 3469
1329 3846
1330 2138
1330 3217
1331 2275
1331 4332
1331 4614
1332 2349
1332 3672
1332 3743
1333 1737
1333 2022
1333 2424
1333 3851
1333 4187
1334 1582
1334 2253
1334 3460
1334 3531
1334 4800
1335 3247
1335 4816
1336 2552
1337 4186
1337 4371
1338 2484
1338 4146
1339 2174
1339 3698
1339 4373
1339 4850
1340 4416
1340 4766
1341 3668
1341 4913
1342 2471
1342 4403
1343 3250
1343 3677
1343 4803
1345 4293
1346 1363
1347 4390
1348 3180
1350 2233
1350 3896
1351 2384
1352 2124
1353 1826
1353 2558
1353 3046
1353 4079
1354 2504
1355 4259
1356 2187
1356 4343
1357 3602
1357 4148
1358 3130
1360 4192
1360 4221
1360 4607
1361 3283
1361 4389
1363 4543
1364 3972
1365 2263
1365 3588
1366 2005
1367 2788
1367 2827
1367 3417
1369 2564
1369 3481
1370 2434
1370 2826
1371 1984
1371 3269
1371 4248
1372 2575
1372 3119
1372 4077
1375 4411
1376 2532
1376 2835
1376 3821
1376 4076
1377 1560
1377 3540
1378 1988
1378 2987
1378 3900
1378 4694
1379 1892
1379 3656
1380 1716
1380 3909
1381 1703
1381 2117
1382 1668
1382 2736
1383 3249
1384 1683
1385 1603
1385 2487
1385 3029
1386 4559
1387 2410
1387 2971
1387 3078
1387 3252
1389 1466
1389 2752
1390 1934
1390 2081
1390 4246
1391 3044
1391 3799
1391 4770
1392 3971
1393 3073
1393 3456
1394 2262
1395 3499
1395 4924
1396 1635
1396 2883
1396 3845
1397 1683
1398 1683
1398 3417
1399 1780
1400 1490
1400 1827
1400 3045
1400 3561
1400 4242
1401 2786
1402 3259
1402 4314
1402 4768
1404 2098
1404 2919
1405 2812
1406 1738
1407 3799
1407 4411
1407 4615
1408 2384
1409 1428
1409 4757
1410 1692
1410 2248
1411 3675
1413 1501
1413 3654
1415 3454
1415 4110
1416 2754
1418 2607
1419 2367
1419 4061
1419 4515
1421 4617
1422 3695
1422 4037
1423 1703
1423 3298
1423 4101
1424 3618
1424 4334
1425 3009
1426 3142
1427 2246
1427 2352
1428 3969
1428 3980
1429 3007
1429 4759
1430 2075
1431 3909
1432 2820
1432 4898
1433 2076
1433 2549
1433 4359
1435 1584
1435 2313
1436 2419
1436 3797
1437 1499
1438 3851
1439 1962
1439 4271
1440 4644
1441 1746
1441 4235
1441 4773
1442 3996
1444 1990
1444 4908
1445 2116
1445 3766
1446 3429
1446 4366
1447 1861
1447 4409
1448 3354
1448 3772
1450 1638
1450 3080
1450 4190
1451 2479
1451 3063
1451 4700
1453 2533
1453 2601
1454 2486
1454 2709
1455 2470
1455 3049
1455 3697
1456 4235
1457 4069
1458 2268
1458 3678
1459 4281
1459 4658
1460 2298
1460 4698
1461 1913
1461 1917
1462 1990
1462 3420
1463 2917
1464 2620
1465 2658
1466 2209
1466 3137
1468 2316
1468 3546
1468 3677
1468 4843
1469 1902
1469 2068
1469 3897
1469 4771
1471 3551
1471 4395
1472 1640
1472 3221
1472 3955
1472 4875
1473 2697
1473 2819
1475 1614
1475 3971
1475 4550
1476 2816
1476 2850
1477 1944
1478 3548
1479 4495
1480 2577
1481 1489
1482 1612
1482 3413
1483 1614
1483 3815
1484 2028
1484 4252
1484 4933
1487 3383
1488 4114
1489 1527
1489 2186
1489 4037
1489 4051
1489 4318
1490 2659
1491 4572
1492 1921
1493 2085
1493 2770
1493 3255
1494 2814
1494 2999
1494 4616
1495 1851
1496 2835
1497 3405
1497 3751
1498 2645
1498 2723
1498 4572
1499 3847
1500 1727
1500 4433
1501 3379
1501 3484
1501 3825
1503 2588
1503 3253
1503 3429
1503 4035
1503 4118
1504 1682
1505 1604
1505 2401
1505 3448
1506 1582
1507 4014
1507 4318
1508 2119
1508 3962
1509 2450
1509 4249
1510 1576
1510 3903
1510 4840
1511 4034
1511 4516
1512 3793
1512 4383
1512 4924
1514 3336
1514 4828
1515 2150
1515 2884
1515 4561
1516 1536
1516 4808
1518 2757
1518 3773
1518 4395
1519 4725
1521 1689
1521 3208
1522 2224
1522 2844
1522 3337
1525 1841
1525 2289
1525 3967
1525 4594
1526 3280
1526 3541
1526 4288
1527 1709
1527 3269
1528 1697
1528 3210
1528 3544
1528 3633
1528 3882
1528 4308
1528 4886
1529 2994
1531 1873
1531 2420
1531 3473
1533 1770
1533 3387
1533 3934
1535 2285
1535 3092
1535 3287
1535 4731
1536 1906
1536 3849
1536 4897
1539 4909
1540 2356
1540 4444
1541 1875
1541 3152
1542 1767
1543 4120
1544 4672
1545 2956
1545 3000
1545 4416
1546 1814
1546 2960
1546 4375
1547 3717
1547 4014
1548 4750
1548 4872
1550 2344
1550 2359
1550 4704
1551 4919
1553 1889
1553 4017
1553 4081
1554 4695
1555 4076
1557 2461
1557 3599
1558 3665
1558 3921
1559 2877
1559 4850
1560 2245
1560 3511
1560 3928
1561 2332
1561 3590
1561 4390
1562 1785
1562 2026
1562 3099
1562 3507
1563 2014
1563 2086
1563 2889
1563 3179
1564 3237
1567 1728
1567 3609
1567 4767
1568 3823
1570 4341
1571 3002
1573 1605
1573 2341
1573 4189
1574 2470
1575 2135
1575 2931
1576 1781
1576 4078
1576 4166
1577 2108
1577 2534
1577 2615
1577 3025
1577 4046
1577 4186
1578 2556
1578 3729
1580 1952
1580 2815
1582 2930
1583 1640
1583 3936
1583 4848
1586 2143
1586 2719
1586 3217
1587 2184
1587 2959
1588 3957
1588 4887
1589 4676
1590 2997
1590 4322
1590 4773
1591 3560
1591 3603
1591 4463
1592 3419
1592 3619
1593 2423
1593 4072
1593 4711
1594 4048
1594 4940
1595 1636
1595 2011
1595 2432
1595 4420
1595 4771
1596 1970
1597 3050
1597 3060
1597 3877
1599 3668
1600 3086
1601 2925
1601 3108
1601 3376
1601 3671
1603 1796
1603 2986
1603 3416
1604 2079
1606 2691
1606 3249
1607 3319
1607 4309
1608 1864
1608 3641
1609 3222
1609 4733
1610 4380
1611 1695
1611 2246
1612 4001
1613 4043
1614 2341
1614 4413
1615 2284
1615 2841
1615 4486
1616 4530
1617 2394
1617 2557
1620 2799
1621 2578
1621 3841
1622 1696
1622 1750
1622 2645
1623 2145
1623 2668
1623 2845
1624 1769
1624 2296
1624 2578
1624 3567
1624 4094
1626 1673
1626 3240
1626 4220
1627 2606
1627 3185
1627 3909
1628 2127
1628 2450
1628 3378
1628 3639
1628 4406
1629 3033
1629 3517
1629 4261
1630 2498
1630 3384
1630 4319
1631 2048
1631 4029
1634 4046
1635 4849
1636 2767
1636 4272
1636 4632
1637 3073
1641 3239
1642 3115
1643 1756
1643 2425
1643 2492
1643 2715
1647 1686
1647 3636
1647 3645
1647 4758
1648 4352
1649 3620
1651 3189
1651 3318
1652 3961
1652 4269
1653 2435
1653 3701
1654 2144
1654 3956
1655 2472
1655 3255
1655 3849
1655 3866
1655 4062
1655 4888
1656 2031
1656 3971
1656 4504
1657 1980
1657 2887
1657 4119
1658 3024
1660 2897
1663 2590
1664 3664
1664 4925
1665 3771
1665 4090
1666 3475
1666 3491
1668 2821
1668 3835
1669 3727
1670 1768
1670 3493
1670 4103
1671 3797
1672 2184
1673 1799
1673 4001
1674 1953
1674 2487
1674 3179
1674 4257
1674 4444
1676 2289
1676 3587
1676 4913
1677 2040
1677 2094
1677 3918
1678 2839
1678 3646
1679 2494
1679 3551
1679 4337
1680 3358
1681 3149
1681 3489
1681 4308
1681 4433
1682 4221
1683 4177
1683 4603
1684 2666
1684 4577
1685 3273
1686 1723
1686 2363
1686 3674
1686 3902
1687 3724
1688 4525
1689 2901
1689 4058
1691 2056
1691 4783
1692 2330
1692 2514
1692 3618
1693 3083
1693 3122
1693 4334
1695 3332
1698 1891
1698 2364
1699 2121
1699 2951
1700 2787
1701 2490
1701 2719
1701 4547
1701 4648
1702 2923
1703 3965
1703 4140
1703 4148
1704 2582
1704 3092
1704 3172
1705 4360
1705 4536
1706 1816
1706 2275
1706 4320
1707 4562
1707 4830
1708 3568
1709 2108
1709 3182
1711 3864
1711 3869
1711 4520
1711 4824
1712 2096
1712 2703
1712 2744
1712 4531
1713 2370
1713 2857
1713 3000
1715 2213
1715 2380
1715 3610
1715 4484
1715 4866
1716 1782
1716 4616
1717 2544
1717 3788
1717 4338
1719 2799
1720 3937
1720 4777
1721 4143
1721 4177
1721 4791
1722 1758
1722 2316
1722 2947
1723 3761
1723 4361
1724 2224
1724 3261
1725 1987
1727 2378
1727 3052
1728 2129
1728 3882
1729 2109
1729 4176
1730 2241
1730 2360
1730 3322
1730 3726
1730 4809
1731 2209
1731 2243
1731 4411
1732 2311
1732 2369
1732 3618
1732 3683
1733 3261
1733 4796
1734 3142
1734 3213
1735 1740
1735 2251
1736 3192
1736 3765
1737 3773
1737 4544
1738 2119
1738 4396
1740 2033
1740 2608
1740 3892
1741 2336
1741 2598
1741 4182
1742 3029
1743 1884
1743 3111
1744 3308
1746 4098
1746 4565
1748 2670
1748 4447
1749 2004
1749 2623
1749 3767
1750 3082
1751 2215
1751 2554
1751 3915
1752 2998
1752 4203
1753 1841
1753 1982
1754 3246
1755 3479
1755 4849
1756 1956
1757 3642
1758 3667
1758 3698
1760 2927
1760 3060
1762 2405
1762 4735
1763 4520
1764 3088
1764 4229
1764 4900
1765 4248
1766 2253
1766 4048
1766 4254
1766 4828
1767 3017
1767 3410
1767 3981
1768 2211
1768 2965
1768 4457
1769 1912
1769 1970
1769 2187
1769 4581
1770 2941
1770 4610
1771 3363
1773 2625
1776 2512
1776 4164
1777 4086
1777 4878
1778 4282
1779 3146
1780 3326
1780 4256
1781 2590
1782 2480
1782 3029
1783 1832
1783 4211
1784 2053
1784 2139
1784 2431
1785 2860
1785 3214
1785 3222
1785 3589
1785 4055
1786 1980
1786 4215
1786 4847
1787 2279
1787 3136
1788 2836
1789 2135
1790 2545
1790 3166
1790 3553
1790 4726
1791 2234
1791 4480
1791 4882
1792 3512
1792 3782
1792 4739
1792 4827
1793 3289
1793 3648
1794 1961
1794 2016
1794 2325
1795 3642
1796 2198
1796 2356
1796 3010
1796 3268
1797 2832
1798 1921
1798 4281
1798 4462
1799 1807
1799 4089
1800 4387
1800 4686
1801 1896
1801 3442
1801 3583
1802 2859
1802 2945
1802 3413
1803 3063
1803 3358
1803 3751
1804 2619
1804 3887
1805 3235
1805 4151
1805 4314
1805 4359
1807 3806
1808 2315
1809 3504
1809 3548
1809 4021
1809 4154
1812 2546
1812 2839
1813 1883
1814 2120
1814 3910
1815 2223
1815 3372
1815 3581
1815 3640
1815 4238
1816 2257
1816 2371
1816 2516
1818 4003
1819 3423
1819 4668
1820 1941
1820 2429
1820 3401
1821 2637
1821 2832
1822 2528
1822 4204
1823 3084
1823 4742
1824 4357
1825 2583
1825 3731
1825 4257
1825 4631
1825 4692
1826 2075
1826 2892
1826 3597
1827 2690
1827 2786
1829 3282
1830 3386
1831 4508
1833 3619
1834 3618
1836 2486
1837 1853
1837 3659
1838 2494
1839 2335
1839 2495
1840 2701
1841 1906
1841 3055
1842 2102
1842 3999
1843 1951
1843 3180
1843 3231
1845 3788
1845 4017
1846 2239
1846 3825
1847 1971
1847 2212
1847 2742
1847 3679
1848 3554
1848 3630
1848 4303
1848 4928
1850 2462
1850 2838
1850 4113
1851 4566
1852 2053
1852 2468
1852 3054
1853 2338
1853 4924
1854 3574
1855 4457
1856 4509
1856 4672
1857 3044
1857 3585
1857 4052
1858 4187
1859 3586
1860 3072
1861 2102
1862 3321
1863 2704
1863 4286
1863 4482
1863 4849
1864 2149
1864 2910
1866 3134
1866 4118
1867 3334
1868 1953
1868 2480
1868 3409
1868 4460
1870 4130
1872 3146
1872 3762
1872 4884
1873 3011
1873 3930
1873 4584
1875 2111
1876 4556
1877 2433
1877 3423
1877 3469
1878 2584
1878 3145
1879 2369
1879 4736
1879 4762
1881 2353
1881 4128
1883 2454
1883 2485
1883 4792
1884 2565
1884 3137
1884 3190
1885 2444
1885 3636
1885 4643
1886 2119
1886 2217
1887 2030
1887 3460
1887 4732
1888 1928
1888 2202
1888 3377
1888 4006
1888 4839
1889 2198
1890 3746
1890 4823
1891 4308
1892 2986
1892 3659
1892 4511
1895 4687
1896 3705
1896 4804
1897 3792
1897 4045
1897 4128
1898 3793
1899 2341
1902 2857
1902 3886
1905 4017
1905 4075
1907 2712
1908 2236
1908 2612
1908 3395
1909 2768
1909 4175
1910 3520
1910 3593
1911 2055
1911 2760
1911 4640
1912 4716
1913 1972
1913 2353
1913 4697
1914 2238
1915 4126
1916 2112
1917 2749
1917 4730
1918 2897
1918 3349
1918 4275
1919 4569
1922 2451
1923 3174
1923 4686
1923 4765
1924 2572
1924 4135
1924 4138
1925 2689
1925 2891
1925 4645
1926 2794
1926 3171
1926 3660
1928 3260
1929 3636
1929 4436
1929 4819
1930 2121
1930 2319
1930 4855
1931 4185
1931 4561
1934 2333
1935 2604
1935 4585
1936 4002
1937 2765
1937 2856
1937 3340
1938 4236
1938 4453
1939 3053
1940 2339
1940 4561
1942 2276
1943 2203
1943 4069
1944 4914
1945 4499
1946 1971
1946 3657
1948 4211
1949 4314
1950 2487
1950 3019
1950 3316
1950 4453
1951 2034
1951 2077
1951 4472
1954 3139
1954 3766
1954 4475
1956 2267
1956 3164
1956 3718
1957 4878
1958 4490
1960 3911
1961 3484
1961 3873
1961 4026
1963 2329
1963 4422
1964 2121
1964 2902
1964 2967
1964 3068
1964 3739
1964 4053
1964 4426
1965 3350
1966 2277
1966 3011
1966 3559
1967 2908
1967 3828
1969 3814
1970 2524
1970 2973
1971 3514
1972 2332
1973 3837
1974 2912
1974 4786
1975 3152
1975 3523
1975 3598
1976 2665
1976 3212
1976 3836
1978 4127
1978 4482
1979 4288
1980 3168
1985 2522
1987 2143
1988 2446
1988 2615
1988 3814
1989 3082
1991 3232
1992 2935
1992 3394
1993 2608
1993 3492
1993 3543
1993 4775
1994 2266
1994 4334
1995 4741
1996 4851
1998 2223
1998 2409
1998 2873
1999 3586
1999 4811
2000 3828
2000 4656
2000 4693
2002 2977
2002 3378
2002 4696
2003 2488
2004 2126
2004 2315
2004 3938
2004 4029
2005 4374
2006 2020
2006 4328
2006 4474
2008 3459
2008 3539
2009 4770
2010 2809
2011 2748
2012 2466
2012 3009
2012 4866
2015 2486
2016 2784
2016 3291
2017 2257
2017 3677
2017 4045
2018 3420
2018 4694
2019 4694
2020 3954
2020 4485
2021 2128
2021 3568
2022 2036
2023 3737
2024 3132
2024 3534
2024 3873
2025 2098
2026 2138
2026 2269
2026 3417
2026 4117
2028 4810
2029 4610
2030 2196
2030 2926
2030 3574
2030 3660
2030 4105
2030 4660
2030 4737
2030 4749
2031 4937
2033 3472
2033 3507
2033 3545
2033 3934
2036 2174
2036 3395
2036 3753
2036 3755
2038 4320
2038 4323
2038 4724
2039 4745
2040 3962
2040 4781
2041 2206
2043 4033
2044 3880
2045 4681
2047 2214
2047 2790
2047 4322
2048 4405
2050 4380
2050 4878
2051 2338
2051 3263
2052 2097
2052 2322
2052 4095
2053 3312
2053 4013
2054 2415
2054 3118
2055 3447
2055 4603
2057 2974
2058 2957
2059 3310
2060 3192
2060 3717
2061 2087
2061 3779
2062 3384
2062 4586
2062 4657
2063 4258
2063 4419
2064 2679
2064 2680
2064 3476
2065 4393
2066 3488
2066 3508
2067 3162
2067 3703
2067 4904
2067 4937
2068 3015
2068 4109
2069 3829
2070 3371
2070 3674
2070 4749
2072 3605
2072 3660
2073 2684
2074 3061
2074 4920
2075 2866
2075 3366
2075 4774
2075 4894
2076 3461
2076 3586
2078 4736
2080 4020
2080 4244
2080 4676
2081 4503
2081 4705
2082 3605
2083 3364
2084 2288
2084 2678
2085 2956
2085 4013
2085 4063
2085 4528
2085 4730
2086 4205
2086 4863
2087 2480
2089 2891
2089 4089
2089 4465
2090 4737
2090 4927
2091 4117
2093 3904
2096 2541
2097 4727
2098 4856
2099 2793
2099 3964
2100 3057
2100 4596
2102 2129
2103 2820
2104 4566
2105 2294
2105 2436
2106 2246
2106 2544
2108 4194
2108 4789
2109 2942
2110 4853
2111 4214
2112 3155
2113 2457
2113 2750
2114 2869
2114 4739
2115 2811
2115 3940
2118 4329
2119 4574
2119 4604
2120 2396
2121 4794
2123 2607
2123 3938
2124 2220
2128 4052
2128 4418
2129 2805
2132 3773
2132 4305
2132 4775
2134 3123
2134 3250
2134 3871
2135 2306
2135 3339
2135 3613
2137 3396
2137 4366
2138 4163
2138 4292
2139 2578
2139 2996
2139 4415
2140 3414
2141 2198
2141 4391
2143 2653
2143 3814
2144 2892
2144 3445
2144 4927
2145 2384
2145 4830
2146 2294
2146 2624
2146 4066
2147 3836
2147 4302
2147 4427
2148 4687
2149 2833
2149 3011
2149 3171
2149 4120
2150 3346
2151 2893
2151 3249
2151 3933
2152 2862
2152 4426
2153 4153
2153 4296
2153 4834
2154 2678
2154 2785
2154 3247
2154 4830
2156 4360
2159 2786
2160 2722
2160 4162
2161 2486
2163 2647
2163 3212
2163 3269
2163 3599
2163 3839
2163 4597
2164 2342
2166 3637
2166 4132
2167 3467
2167 4036
2167 4281
2168 2556
2168 4267
2169 2456
2170 2944
2170 4555
2172 2367
2173 4794
2176 2254
2176 3744
2176 4226
2177 3795
2177 3938
2177 4368
2178 4341
2179 3056
2179 3057
2179 3093
2179 3369
2180 2315
2180 2406
2180 2728
2180 3667
2182 3091
2182 3347
2183 2575
2183 3207
2183 4596
2184 2827
2184 3937
2186 3709
2188 2593
2188 3036
2188 3719
2189 3714
2189 4246
2189 4495
2191 2267
2191 3116
2191 4088
2191 4269
2191 4712
2193 3062
2193 4713
2194 3037
2194 4394
2195 3462
2198 2324
2198 2470
2198 3970
2199 2872
2200 4619
2201 3108
2201 3856
2201 4035
2201 4156
2202 3505
2203 3557
2204 3440
2205 2310
2206 2287
2206 2895
2206 2958
2206 3253
2206 3505
2206 4232
2209 3515
2209 4240
2209 4612
2210 4157
2211 3820
2212 2959
2212 3017
2213 2330
2213 4620
2214 4100
2215 2352
2217 3348
2217 3382
2217 3443
2220 2261
2220 3325
2220 3541
2221 3387
2222 2301
2222 2615
2222 3081
2222 4725
2224 3740
2224 3941
2224 4805
2225 2669
2227 3022
2230 2231
2230 4770
2234 3616
2234 3891
2235 2835
2235 4232
2235 4373
2236 2253
2237 2367
2238 2664
2238 3690
2240 4755
2242 2825
2242 4545
2243 3134
2243 3208
2244 2457
2244 4087
2245 4918
2246 4436
2247 3641
2247 3951
2248 2987
2248 3538
2248 3729
2248 4442
2251 3444
2251 3830
2252 4184
2253 3093
2254 2304
2254 3603
2255 4429
2257 2424
2257 4698
2258 2380
2258 3133
2259 3315
2259 3542
2259 3920
2260 2418
2261 3725
2263 3700
2264 2818
2264 3223
2265 2795
2265 4609
2265 4624
2266 2512
2266 2906
2266 2954
2266 4557
2267 2417
2267 3245
2268 2538
2268 3928
2269 2883
2270 3726
2271 3300
2271 3879
2272 3715
2272 4181
2272 4780
2273 4163
2274 3763
2274 3781
2274 4858
2275 2317
2275 2437
2276 3980
2276 4418
2277 3425
2277 3953
2278 3343
2278 4455
2278 4927
2279 3478
2280 4440
2280 4566
2281 3375
2281 4302
2283 2848
2283 3556
2284 3394
2286 3775
2286 4289
2286 4605
2287 2764
2289 4310
2290 2895
2290 3869
2291 2677
2291 3163
2292 2864
2293 2987
2293 3659
2294 2381
2294 3573
2294 3628
2294 3902
2295 2485
2295 2599
2296 4262
2297 4435
2298 2669
2298 2882
2298 3858
2298 4652
2299 3589
2299 3684
2299 4799
2300 3752
2300 4154
2300 4663
2301 3023
2301 3756
2302 3715
2302 3754
2303 4256
2304 3950
2304 4512
2304 4821
2307 2686
2307 4307
2308 3694
2308 4156
2310 3055
2310 3357
2310 4846
2311 2335
2311 2753
2311 2806
2311 3387
2311 3576
2312 3054
2312 3085
2313 2965
2313 3342
2313 3890
2313 4755
2314 2387
2315 3533
2315 3870
2315 4155
2316 2382
2316 4262
2317 3353
2317 4926
2318 3898
2319 4406
2320 2612
2320 2979
2322 2929
2322 3966
2323 3479
2324 2501
2324 2697
2324 4585
2326 3422
2329 2595
2329 4498
2330 4508
2333 3689
2333 3877
2334 3048
2334 3813
2334 4202
2335 2645
2335 3322
2336 3255
2337 3129
2337 3894
2338 3224
2339 2882
2339 2966
2341 2478
2342 2344
2342 2853
2342 2876
2342 4691
2343 3089
2343 3491
2343 3904
2344 2454
2346 3601
2346 4010
2346 4227
2347 2492
2347 3779
2348 2586
2348 3469
2349 3242
2352 3983
2353 2373
2353 3872
2354 4885
2356 3821
2357 4167
2358 4914
2359 2906
2359 3009
2359 4213
2359 4236
2360 2538
2360 4560
2361 3508
2361 4028
2361 4346
2362 2983
2362 3397
2362 3805
2364 3768
2364 4212
2366 4916
2367 3159
2368 2717
2368 3106
2369 2747
2369 3744
2370 4772
2373 4537
2374 3279
2374 4289
2375 4586
2376 2996
2377 2835
2377 4460
2379 3212
2379 3589
2379 4659
2379 4907
2380 3151
2380 3155
2380 4171
2381 3300
2382 3837
2383 3463
2383 3858
2383 4380
2384 3572
2384 4229
2386 3925
2387 2456
2387 3756
2388 4702
2389 3393
2391 3560
2392 3112
2392 3485
2393 4235
2394 3213
2395 2785
2395 3986
2396 2409
2396 2678
2396 3644
2398 3124
2399 3993
2401 2904
2401 3219
2402 2928
2402 3811
2403 4437
2405 2586
2405 4042
2406 2417
2406 3360
2406 3969
2407 3662
2407 3917
2407 4597
2407 4830
2408 2855
2409 2624
2409 4033
2409 4456
2409 4571
2410 3055
2412 2501
2412 3486
2413 2719
2413 3749
2414 2843
2414 4483
2415 4512
2416 2763
2417 4138
2417 4497
2417 4869
2418 4489
2421 2639
2421 3293
2422 3657
2422 3961
2423 4058
2425 3234
2426 3542
2428 2906
2428 3072
2428 4338
2430 3399
2430 3686
2430 4397
2430 4830
2430 4909
2431 2769
2431 2933
2431 3459
2431 4018
2431 4134
2431 4702
2432 4746
2433 3540
2433 4694
2435 4428
2436 3448
2436 3523
2438 3010
2438 3805
2438 4843
2439 2810
2439 3529
2439 4091
2440 3677
2440 3952
2442 2679
2444 2636
2445 2778
2445 3490
2446 2688
2446 2987
2446 4641
2447 3110
2448 3817
2450 2877
2450 3347
2451 4694
2452 2533
2453 3306
2453 4012
2453 4531
2454 2971
2454 3461
2454 4781
2455 3335
2455 3798
2456 3538
2456 4197
2457 2827
2458 4053
2460 2772
2460 4074
2460 4756
2461 3128
2461 4482
2462 4074
2462 4880
2463 3155
2464 2580
2464 3844
2464 4067
2465 2760
2465 3958
2468 4396
2469 3837
2469 4226
2469 4442
2470 3539
2470 4028
2473 3022
2473 4021
2475 2892
2476 4394
2479 2608
2481 4045
2481 4569
2482 3405
2482 4338
2484 2899
2485 3532
2485 4414
2486 2830
2487 2489
2487 3272
2487 3341
2487 4605
2488 2631
2488 2633
2488 4110
2488 4656
2489 3215
2489 3450
2489 3596
2489 3674
2489 4908
2491 3607
2492 2978
2494 3169
2494 3651
2494 3904
2495 4202
2497 3034
2497 4188
2498 4194
2499 4737
2500 2877
2500 3651
2500 3796
2501 3050
2501 4602
2504 2937
2504 3615
2505 3785
2506 3335
2506 3351
2506 4609
2508 2890
2508 3518
2508 4606
2509 2551
2509 4414
2510 2932
2510 4818
2511 2599
2511 4484
2512 2593
2512 3193
2512 3477
2513 3095
2515 4166
2516 3224
2516 3327
2516 4020
2517 2897
2518 4707
2519 3390
2521 3231
2521 4732
2522 3248
2522 3415
2522 4853
2523 3682
2523 3987
2524 3131
2524 3186
2524 3595
2524 4283
2525 4157
2525 4220
2526 2884
2526 3354
2526 3489
2527 3298
2528 4300
2529 3977
2530 3894
2530 4888
2532 3113
2532 3920
2533 3196
2533 3564
2534 3331
2534 4532
2537 2883
2537 2915
2537 3103
2537 3148
2538 2949
2538 3706
2539 3462
2540 3593
2540 4311
2541 4134
2542 4760
2543 4611
2544 3762
2544 4921
2546 3608
2546 4300
2547 3549
2547 3960
2547 4200
2548 2598
2548 2715
2549 3627
2549 3906
2550 3071
2551 3442
2551 4443
2551 4444
2552 4309
2552 4887
2553 3371
2553 3899
2555 2626
2556 4069
2556 4306
2556 4366
2557 3797
2558 2593
2558 3467
2558 4352
2561 3173
2564 2814
2565 3287
2565 3876
2566 2744
2566 4029
2566 4463
2569 3463
2569 3665
2569 3852
2574 3204
2574 3368
2574 3861
2574 4253
2574 4301
2575 3919
2577 3149
2577 3477
2578 2953
2578 3878
2578 4389
2578 4879
2579 3778
2580 2972
2580 3478
2582 3119
2582 3134
2582 3602
2583 3527
2584 2842
2584 2906
2585 3417
2585 3978
2586 4772
2588 2712
2589 3129
2590 3684
2592 3596
2592 4641
2593 4803
2594 3851
2594 3888
2594 4505
2595 3127
2595 3897
2595 4444
2596 2676
2596 3511
2597 4812
2599 2655
2600 2937
2600 4112
2601 2640
2601 2933
2602 2911
2603 3327
2604 2777
2604 4483
2605 4300
2606 2720
2606 2799
2606 3266
2606 3793
2606 4396
2608 3935
2611 2784
2611 4016
2611 4181
2611 4513
2612 3271
2612 3965
2613 3730
2613 4104
2614 4744
2615 3729
2617 2749
2617 2877
2619 2631
2620 3195
2620 4692
2621 2897
2621 3125
2621 3449
2623 3433
2623 4514
2624 2876
2625 3674
2626 4443
2626 4783
2627 2742
2628 3641
2628 3827
2628 4698
2629 2774
2631 3351
2633 4154
2634 4620
2634 4938
2636 2896
2637 2907
2637 3012
2637 3462
2638 4317
2639 4128
2642 2892
2643 4160
2643 4738
2644 3479
2645 2716
2645 3191
2645 4607
2646 4436
2647 3655
2647 3940
2648 2684
2648 4322
2648 4634
2649 2737
2649 4833
2651 4271
2653 2657
2654 4109
2655 3330
2655 3476
2656 4337
2656 4739
2657 3511
2657 4163
2658 3172
2658 4005
2659 2669
2659 4002
2659 4111
2661 4127
2663 3029
2663 4099
2664 2850
2665 4513
2666 4933
2668 3093
2668 4151
2669 2922
2670 3236
2670 4508
2670 4695
2671 3476
2672 3214
2672 3456
2672 3686
2673 4333
2674 3272
2674 4495
2675 3296
2676 2825
2677 3080
2677 4676
2679 3036
2680 2805
2681 3113
2681 3159
2681 3796
2682 3882
2684 4058
2685 3938
2686 2904
2687 3460
2687 3643
2687 4627
2689 3710
2689 4128
2689 4275
2690 4649
2691 3172
2696 2919
2696 3929
2696 4439
2697 2701
2697 3924
2698 3750
2699 3962
2699 4250
2700 4248
2701 3737
2702 3570
2702 4375
2703 4018
2703 4247
2703 4402
2704 2839
2704 4672
2706 3764
2709 3730
2710 3587
2713 4196
2713 4487
2714 4412
2718 3244
2718 4040
2718 4358
2719 3281
2719 4021
2720 4620
2720 4696
2721 4297
2722 3871
2723 3058
2723 4262
2723 4773
2726 3879
2727 3720
2728 2992
2731 3500
2732 3086
2732 4170
2733 4222
2735 4436
2736 3515
2738 2742
2738 3142
2738 3697
2738 3769
2741 3473
2741 4231
2741 4627
2742 3243
2742 3515
2743 2791
2744 4024
2745 3177
2745 3272
2745 4463
2746 3488
2746 3867
2747 4067
2749 3750
2750 3816
2751 3515
2753 4618
2754 2923
2754 3071
2756 2783
2756 3404
2756 4194
2756 4374
2757 4244
2760 4824
2761 3377
2761 4193
2763 3826
2766 2771
2767 3302
2767 4705
2768 4175
2768 4855
2770 4216
2770 4279
2770 4396
2771 3096
2771 3580
2771 3996
2772 3771
2773 4059
2773 4141
2775 4239
2776 3607
2777 2877
2777 3763
2779 3130
2780 3863
2781 3028
2781 3321
2781 4896
2782 3259
2782 4251
2783 4068
2783 4299
2784 4119
2786 2836
2787 3302
2788 2997
2788 3348
2788 3462
2790 4647
2791 2855
2791 4047
2791 4735
2792 2949
2792 4889
2793 3566
2794 4306
2795 3134
2795 4790
2796 4244
2797 2923
2798 3813
2799 4413
2800 3717
2800 3866
2801 3073
2801 4230
2801 4598
2804 3509
2804 4352
2805 4842
2806 2810
2806 2894
2806 3330
2806 4671
2807 3344
2809 3520
2812 4453
2814 4843
2816 3789
2817 4625
2818 4484
2819 2854
2820 4903
2821 3202
2821 3609
2821 3687
2823 4871
2824 4569
2825 3749
2826 3174
2826 4209
2826 4327
2828 4073
2829 2838
2829 3361
2829 3599
2829 4052
2830 3948
2830 4611
2831 4338
2833 3199
2833 4202
2833 4435
2834 4548
2834 4587
2835 3024
2836 4362
2837 2903
2840 4112
2843 4505
2844 3130
2845 4388
2846 4078
2846 4405
2846 4704
2847 2906
2847 4573
2848 4475
2850 3121
2851 3662
2851 4049
2852 3909
2852 4811
2853 4428
2853 4442
2855 4739
2856 2994
2856 3219
2856 3845
2857 3132
2858 4762
2861 4620
2863 3740
2863 3791
2864 3067
2865 4409
2866 4257
2867 4726
2868 4487
2870 4038
2870 4298
2871 4031
2872 4095
2874 4820
2875 3606
2876 3730
2877 2932
2880 3086
2881 3349
2881 3978
2882 3571
2884 3385
2885 3142
2885 4010
2888 3620
2888 4381
2889 3063
2889 3901
2889 4453
2890 3789
2895 3036
2895 4009
2895 4801
2895 4849
2897 4250
2898 3076
2898 4683
2900 3373
2900 4145
2900 4454
2901 3032
2901 3281
2902 3109
2902 3257
2902 3827
2903 4847
2906 4017
2907 4625
2908 3949
2908 4912
2910 3564
2911 2950
2912 3138
2913 2942
2914 4812
2915 4091
2915 4551
2916 3298
2917 3842
2919 3426
2920 3347
2920 3738
2921 3050
2921 4468
2921 4645
2923 4604
2925 3738
2925 4318
2926 3195
2926 3807
2926 4057
2928 4678
2928 4800
2929 4789
2930 4816
2931 2966
2931 3602
2931 4916
2933 4897
2935 3046
2935 3283
2935 3633
2935 4410
2936 3201
2937 3885
2938 3098
2939 4263
2939 4652
2940 3343
2944 3932
2944 4559
2945 3918
2947 4617
2947 4910
2948 3812
2948 4471
2949 2981
2949 3237
2950 4591
2950 4921
2952 3747
2953 3865
2953 4860
2954 3435
2956 4398
2956 4766
2957 4437
2959 4461
2959 4874
2960 3031
2960 3673
2960 4427
2962 4790
2962 4906
2963 4845
2965 3244
2966 4866
2967 3141
2967 3319
2968 4236
2969 4861
2970 3524
2971 3138
2973 3915
2973 4880
2974 3044
2974 3774
2974 4187
2974 4228
2974 4880
2975 3611
2976 3830
2976 4246
2978 3943
2978 4000
2978 4337
2978 4574
2979 3807
2979 3993
2980 4440
2981 4452
2984 3041
2986 3318
2987 4356
2988 4393
2989 4427
2991 4878
2994 4499
2995 3620
2996 3736
2996 3816
2996 4883
2997 4346
2998 4584
2999 3552
2999 4498
2999 4704
3001 4314
3002 3076
3002 3560
3003 3152
3003 3664
3003 4444
3004 4033
3004 4437
3005 3314
3005 3984
3006 4054
3006 4690
3007 4336
3008 4863
3009 3226
3009 3384
3009 3462
3009 4594
3010 3491
3010 3837
3010 4473
3010 4622
3011 3229
3011 4306
3011 4548
3012 3528
3012 3681
3012 4071
3012 4869
3013 4278
3013 4447
3014 4217
3017 3730
3018 3171
3018 4564
3019 4380
3020 4188
3022 3997
3024 3400
3024 3657
3024 3982
3027 4708
3027 4866
3028 4004
3029 4206
3030 4669
3031 4924
3033 3067
3035 3374
3038 3146
3038 3698
3038 4459
3039 4078
3041 3799
3042 3700
3043 3120
3043 4403
3050 4449
3051 4117
3053 3388
3053 3485
3053 3809
3054 3692
3054 3839
3054 4665
3055 4611
3057 3582
3058 3074
3058 4362
3060 3529
3060 4256
3060 4519
3061 4447
3063 4858
3064 3193
3065 3121
3065 3162
3065 4713
3065 4925
3066 4369
3067 4809
3068 3228
3068 3414
3068 3950
3068 4606
3068 4610
3069 3738
3069 3765
3070 4402
3073 4710
3074 3949
3075 3350
3077 4242
3077 4390
3078 3582
3078 4320
3078 4902
3080 3281
3080 3464
3080 3906
3080 4058
3080 4848
3081 3651
3083 4221
3084 3507
3087 4034
3088 3150
3089 3892
3089 4850
3090 3262
3090 3975
3091 3567
3091 4143
3092 4163
3092 4764
3093 4431
3094 4795
3096 3942
3096 4355
3097 4140
3099 3214
3099 4777
3100 4126
3101 4696
3102 4118
3102 4574
3107 4757
3108 4006
3108 4492
3110 4503
3111 4109
3113 3795
3114 3331
3116 3551
3117 3702
3117 4560
3118 3245
3119 3935
3119 4205
3119 4590
3119 4802
3120 3362
3121 3296
3123 3810
3125 4136
3126 3312
3126 3817
3127 4030
3127 4318
3127 4399
3128 4517
3129 4615
3130 4609
3132 3144
3132 4675
3133 4012
3133 4790
3135 4146
3136 3521
3137 3457
3137 3719
3138 4095
3139 4130
3140 3318
3142 3650
3142 4661
3143 4468
3144 3301
3144 3569
3144 4217
3147 4225
3149 3154
3150 4352
3151 3992
3151 4664
3152 4572
3157 3622
3157 4473
3158 4504
3159 4282
3160 3797
3161 3180
3161 4800
3164 4071
3164 4219
3165 3648
3166 3532
3167 3655
3167 4303
3168 4360
3173 3681
3174 3365
3175 4711
3175 4768
3176 4667
3178 3284
3179 4762
3180 4813
3182 4135
3184 4457
3184 4724
3186 3530
3190 3427
3190 4263
3190 4720
3190 4938
3191 4302
3192 4484
3196 4815
3198 3625
3198 4233
3199 3620
3199 4183
3202 3990
3202 4180
3202 4916
3203 3224
3204 4195
3205 3246
3206 4521
3206 4538
3207 4359
3208 3228
3208 4490
3209 3547
3209 4413
3210 4744
3214 4486
3214 4611
3214 4636
3214 4843
3215 3247
3216 4937
3219 3316
3219 3966
3219 4026
3220 3450
3221 4584
3221 4717
3221 4774
3223 3962
3223 4632
3223 4873
3224 4836
3227 3990
3228 3275
3228 4129
3228 4378
3228 4909
3229 4022
3229 4442
3230 3442
3231 3687
3231 3939
3232 3286
3233 3258
3234 3474
3234 4017
3236 3259
3236 4625
3237 3814
3238 3735
3240 4006
3241 3352
3242 4498
3245 3618
3245 3879
3246 3617
3246 3618
3247 3513
3247 4625
3248 3402
3248 3875
3249 3927
3249 4135
3249 4559
3253 3485
3255 3769
3255 4070
3257 4689
3258 4468
3260 3939
3261 3949
3262 4935
3263 3640
3265 3538
3265 4112
3265 4272
3265 4325
3270 3728
3272 4469
3272 4642
3273 3945
3274 4557
3275 3408
3275 4869
3276 4702
3277 4172
3277 4519
3278 3956
3278 4756
3279 4651
3279 4863
3281 4805
3282 3357
3284 3365
3284 4121
3286 3409
3286 4255
3287 4437
3289 3510
3289 4089
3289 4323
3289 4743
3292 3381
3292 4585
3295 3527
3295 4810
3298 3468
3298 3555
3299 3340
3299 4397
3300 3337
3305 4903
3308 4637
3310 4012
3311 4797
3312 3752
3314 4785
3317 3703
3317 4437
3322 4789
3324 4490
3325 3572
3326 3849
3326 4583
3327 3935
3327 4010
3328 4185
3329 4089
3333 4283
3335 4463
3335 4721
3341 4665
3345 4339
3345 4734
3347 4064
3349 4094
3351 4473
3351 4822
3352 4909
3353 3577
3355 3812
3358 3900
3358 4630
3358 4896
3359 4677
3360 3525
3360 3646
3361 3417
3361 3590
3361 3788
3361 4481
3362 4337
3363 3419
3364 4717
3367 3614
3368 3930
3370 4183
3371 3638
3372 4620
3373 3668
3374 3917
3374 4911
3376 3740
3377 3693
3379 3631
3380 3829
3380 4701
3382 3524
3382 3784
3383 4663
3383 4919
3384 4348
3385 4456
3386 4781
3388 4069
3388 4783
3389 4327
3391 4411
3392 3411
3392 3960
3392 4589
3393 3721
3393 4343
3393 4364
3394 3567
3396 4092
3396 4294
3396 4673
3397 3645
3397 4780
3399 3945
3401 3423
3401 3577
3404 4529
3407 3861
3407 4311
3409 4316
3409 4491
3410 4420
3413 3746
3413 4064
3413 4111
3413 4530
3415 3730
3415 4515
3415 4550
3416 4297
3416 4565
3417 4124
3421 3968
3422 4039
3424 4748
3427 3791
3428 3537
3429 4616
3431 4183
3436 4176
3439 4522
3440 3976
3442 3999
3445 4595
3445 4894
3446 3500
3446 4727
3449 4868
3451 4651
3452 4128
3452 4698
3453 4773
3455 4815
3466 3772
3466 4554
3467 4578
3468 3818
3468 4605
3469 3764
3471 4534
3474 3913
3474 4093
3475 3747
3478 4451
3479 4335
3480 3543
3480 4658
3485 4385
3488 3976
3491 4009
3492 4120
3493 4497
3499 4921
3500 4383
3501 4113
3503 4365
3503 4696
3504 3928
3504 3929
3504 4754
3506 3969
3507 3952
3507 4751
3508 3785
3508 4586
3508 4906
3510 4423
3512 3540
3512 4873
3514 3995
3514 4418
3516 4120
3518 4122
3520 3639
3521 4714
3522 3866
3522 4580
3526 4735
3530 3656
3532 4181
3533 3916
3533 4103
3536 3897
3537 4662
3538 3546
3539 4157
3542 4023
3542 4692
3543 4347
3544 3597
3544 4788
3545 4443
3546 3683
3546 4500
3548 4571
3549 3619
3549 4397
3549 4460
3550 4319
3551 4005
3553 3946
3557 4396
3558 3864
3559 3798
3559 4093
3559 4288
3559 4583
3559 4600
3562 4611
3563 4360
3564 4804
3566 4401
3568 4001
3570 3858
3571 3713
3571 4272
3571 4728
3573 3616
3573 3797
3573 4070
3574 4359
3576 4033
3576 4246
3577 4010
3577 4453
3580 4305
3581 4309
3586 3834
3586 3893
3586 4121
3587 4133
3590 3947
3591 3710
3592 4063
3593 4591
3594 4565
3596 3747
3597 3872
3598 4395
3599 4071
3599 4742
3601 4151
3602 4677
3604 4569
3607 3855
3610 4629
3611 4267
3618 4796
3619 4329
3621 3725
3622 3894
3624 4760
3627 4687
3628 4384
3632 4739
3634 3981
3636 4099
3637 4153
3638 4503
3639 4797
3642 4028
3643 4507
3645 4091
3646 4298
3646 4543
3646 4718
3647 3812
3647 4674
3648 4057
3648 4356
3649 4511
3651 4070
3651 4709
3654 4362
3654 4365
3655 3845
3655 4310
3657 3878
3658 4824
3662 4914
3663 3889
3665 4417
3666 3765
3669 3742
3670 4346
3674 4441
3674 4661
3677 4130
3677 4938
3682 4472
3683 4438
3686 4416
3686 4456
3687 4836
3688 3802
3689 3858
3689 4354
3689 4718
3690 4922
3693 3773
3695 4900
3697 3978
3698 4221
3701 4248
3701 4826
3703 4834
3704 4223
3704 4479
3705 3944
3709 4424
3710 4081
3713 3732
3713 4132
3713 4457
3715 4288
3716 4685
3719 4218
3721 3973
3721 4307
3721 4750
3722 3812
3725 4319
3728 4418
3731 3907
3732 3921
3732 4373
3733 4193
3735 3799
3737 4317
3738 3902
3738 4013
3739 4408
3741 4770
3745 3791
3745 4173
3745 4880
3749 4735
3751 4476
3753 4204
3757 3895
3757 4887
3760 4271
3760 4876
3761 4164
3761 4747
3761 4777
3763 4139
3765 3911
3765 4317
3770 4790
3771 4568
3771 4708
3773 4545
3775 3987
3778 4675
3783 3946
3783 4918
3789 4378
3789 4510
3791 3929
3791 4076
3792 4311
3792 4517
3795 4288
3796 4369
3798 4103
3798 4581
3802 4934
3805 3925
3806 4204
3810 3995
3812 4467
3815 4442
3816 4013
3816 4360
3816 4811
3818 4296
3819 4335
3822 4064
3826 4249
3826 4398
3827 3864
3832 4130
3833 4020
3834 3960
3834 4842
3835 4067
3835 4273
3839 4267
3840 4155
3844 4162
3845 4624
3848 4821
3849 3912
3849 4300
3852 4612
3857 3997
3858 4908
3859 4228
3862 4612
3865 4572
3867 3937
3872 4929
3874 4034
3879 4672
3880 4224
3880 4638
3882 4173
3885 4853
3886 4803
3892 3975
3892 4078
3895 4278
3897 4665
3898 4791
3900 4931
3902 4116
3908 4083
3908 4242
3911 4381
3913 4202
3914 4061
3915 4423
3918 4326
3923 4638
3925 4175
3926 4939
3927 4282
3935 4774
3943 4652
3944 3996
3945 3967
3945 4174
3947 4431
3949 4036
3950 3978
3951 4611
3952 4752
3953 4560
3956 4579
3964 4420
3965 4712
3966 4683
3968 4595
3969 4007
3974 4302
3976 4534
3979 4605
3981 4294
3981 4589
3982 4140
3982 4190
3985 4040
3985 4602
3994 4804
3999 4658
4002 4106
4003 4706
4004 4076
4005 4209
4005 4760
4007 4223
4007 4275
4007 4542
4012 4374
4012 4582
4014 4255
4015 4674
4018 4713
4022 4921
4025 4240
4026 4847
4026 4848
4027 4338
4027 4758
4029 4185
4031 4792
4033 4731
4038 4147
4040 4845
4045 4885
4048 4133
4051 4116
4051 4739
4053 4611
4054 4192
4056 4652
4061 4634
4063 4750
4064 4848
4065 4436
4071 4917
4075 4728
4078 4758
4080 4639
4081 4831
4082 4145
4082 4188
4083 4706
4088 4916
4089 4344
4090 4732
4093 4642
4093 4909
4099 4194
4099 4306
4108 4228
4109 4243
4109 4340
4112 4187
4112 4569
4112 4591
4112 4912
4114 4752
4115 4654
4119 4184
4119 4849
4121 4397
4121 4760
4122 4406
4122 4838
4124 4874
4130 4667
4131 4906
4131 4934
4132 4569
4137 4337
4139 4494
4141 4674
4142 4539
4143 4411
4144 4918
4154 4636
4155 4723
4159 4259
4159 4438
4159 4924
4161 4902
4162 4637
4163 4252
4163 4701
4167 4394
4171 4687
4172 4407
4182 4327
4184 4416
4189 4648
4196 4236
4201 4398
4202 4254
4204 4610
4205 4382
4206 4405
4213 4471
4214 4809
4216 4240
4218 4847
4218 4855
4219 4547
4221 4892
4225 4699
4226 4316
4231 4613
4233 4305
4233 4917
4234 4849
4235 4241
4242 4593
4243 4695
4245 4382
4252 4887
4254 4523
4254 4826
4256 4356
4261 4642
4269 4723
4270 4792
4271 4715
4271 4876
4279 4342
4279 4543
4288 4685
4288 4846
4289 4857
4290 4652
4299 4627
4305 4597
4305 4910
4308 4522
4308 4683
4310 4842
4313 4821
4314 4704
4317 4473
4323 4602
4328 4585
4330 4516
4331 4839
4345 4616
4348 4391
4350 4763
4353 4606
4356 4426
4358 4710
4358 4841
4360 4625
4360 4865
4363 4775
4369 4745
4373 4798
4378 4495
4378 4496
4404 4802
4407 4634
4413 4435
4413 4493
4426 4850
4428 4623
4436 4604
4436 4774
4441 4933
4442 4534
4449 4869
4449 4927
4451 4654
4455 4580
4455 4900
4460 4677
4465 4488
4468 4619
4469 4723
4472 4902
4474 4639
4475 4690
4486 4900
4494 4790
4495 4602
4495 4610
4498 4727
4502 4742
4503 4552
4511 4923
4519 4806
4524 4895
4525 4599
4531 4783
4531 4884
4532 4843
4539 4885
4541 4568
4546 4750
4550 4758
4551 4593
4552 4686
4554 4705
4565 4698
4567 4927
4568 4876
4569 4770
4574 4711
4576 4619
4580 4732
4582 4728
4583 4584
4586 4649
4586 4894
4591 4774
4598 4603
4623 4713
4625 4736
4625 4921
4630 4760
4644 4864
4659 4721
4660 4880
4680 4864
4683 4710
4685 4873
4690 4940
4707 4865
4711 4741
4721 4745
4724 4913
4724 4936
4726 4793
4726 4887
4729 4923
4732 4812
4732 4816
4735 4805
4745 4753
4759 4823
4769 4905
4807 4909
4823 4882
4825 4856
4837 4920
4857 4935
4859 4892
4860 4886
4863 4906
4864 4939
4871 4937
4892 4906
4904 4938
4924 4937
